# coset graph of the punctured binary Golay code [22,12]: 1024 vertices, 11264 edges
0 1
0 2
0 4
0 8
0 16
0 32
0 64
0 128
0 217
0 246
0 256
0 398
0 435
0 493
0 512
0 570
0 591
0 677
0 797
0 870
0 881
0 986
1 3
1 5
1 9
1 17
1 33
1 65
1 129
1 216
1 247
1 257
1 399
1 434
1 492
1 513
1 571
1 590
1 676
1 796
1 871
1 880
1 987
2 3
2 6
2 10
2 18
2 34
2 66
2 130
2 219
2 244
2 258
2 396
2 433
2 495
2 514
2 568
2 589
2 679
2 799
2 868
2 883
2 984
3 7
3 11
3 19
3 35
3 67
3 131
3 218
3 245
3 259
3 397
3 432
3 494
3 515
3 569
3 588
3 678
3 798
3 869
3 882
3 985
4 5
4 6
4 12
4 20
4 36
4 68
4 132
4 221
4 242
4 260
4 394
4 439
4 489
4 516
4 574
4 587
4 673
4 793
4 866
4 885
4 990
5 7
5 13
5 21
5 37
5 69
5 133
5 220
5 243
5 261
5 395
5 438
5 488
5 517
5 575
5 586
5 672
5 792
5 867
5 884
5 991
6 7
6 14
6 22
6 38
6 70
6 134
6 223
6 240
6 262
6 392
6 437
6 491
6 518
6 572
6 585
6 675
6 795
6 864
6 887
6 988
7 15
7 23
7 39
7 71
7 135
7 222
7 241
7 263
7 393
7 436
7 490
7 519
7 573
7 584
7 674
7 794
7 865
7 886
7 989
8 9
8 10
8 12
8 24
8 40
8 72
8 136
8 209
8 254
8 264
8 390
8 443
8 485
8 520
8 562
8 583
8 685
8 789
8 878
8 889
8 978
9 11
9 13
9 25
9 41
9 73
9 137
9 208
9 255
9 265
9 391
9 442
9 484
9 521
9 563
9 582
9 684
9 788
9 879
9 888
9 979
10 11
10 14
10 26
10 42
10 74
10 138
10 211
10 252
10 266
10 388
10 441
10 487
10 522
10 560
10 581
10 687
10 791
10 876
10 891
10 976
11 15
11 27
11 43
11 75
11 139
11 210
11 253
11 267
11 389
11 440
11 486
11 523
11 561
11 580
11 686
11 790
11 877
11 890
11 977
12 13
12 14
12 28
12 44
12 76
12 140
12 213
12 250
12 268
12 386
12 447
12 481
12 524
12 566
12 579
12 681
12 785
12 874
12 893
12 982
13 15
13 29
13 45
13 77
13 141
13 212
13 251
13 269
13 387
13 446
13 480
13 525
13 567
13 578
13 680
13 784
13 875
13 892
13 983
14 15
14 30
14 46
14 78
14 142
14 215
14 248
14 270
14 384
14 445
14 483
14 526
14 564
14 577
14 683
14 787
14 872
14 895
14 980
15 31
15 47
15 79
15 143
15 214
15 249
15 271
15 385
15 444
15 482
15 527
15 565
15 576
15 682
15 786
15 873
15 894
15 981
16 17
16 18
16 20
16 24
16 48
16 80
16 144
16 201
16 230
16 272
16 414
16 419
16 509
16 528
16 554
16 607
16 693
16 781
16 865
16 886
16 970
17 19
17 21
17 25
17 49
17 81
17 145
17 200
17 231
17 273
17 415
17 418
17 508
17 529
17 555
17 606
17 692
17 780
17 864
17 887
17 971
18 19
18 22
18 26
18 50
18 82
18 146
18 203
18 228
18 274
18 412
18 417
18 511
18 530
18 552
18 605
18 695
18 783
18 867
18 884
18 968
19 23
19 27
19 51
19 83
19 147
19 202
19 229
19 275
19 413
19 416
19 510
19 531
19 553
19 604
19 694
19 782
19 866
19 885
19 969
20 21
20 22
20 28
20 52
20 84
20 148
20 205
20 226
20 276
20 410
20 423
20 505
20 532
20 558
20 603
20 689
20 777
20 869
20 882
20 974
21 23
21 29
21 53
21 85
21 149
21 204
21 227
21 277
21 411
21 422
21 504
21 533
21 559
21 602
21 688
21 776
21 868
21 883
21 975
22 23
22 30
22 54
22 86
22 150
22 207
22 224
22 278
22 408
22 421
22 507
22 534
22 556
22 601
22 691
22 779
22 871
22 880
22 972
23 31
23 55
23 87
23 151
23 206
23 225
23 279
23 409
23 420
23 506
23 535
23 557
23 600
23 690
23 778
23 870
23 881
23 973
24 25
24 26
24 28
24 56
24 88
24 152
24 193
24 238
24 280
24 406
24 427
24 501
24 536
24 546
24 599
24 701
24 773
24 873
24 894
24 962
25 27
25 29
25 57
25 89
25 153
25 192
25 239
25 281
25 407
25 426
25 500
25 537
25 547
25 598
25 700
25 772
25 872
25 895
25 963
26 27
26 30
26 58
26 90
26 154
26 195
26 236
26 282
26 404
26 425
26 503
26 538
26 544
26 597
26 703
26 775
26 875
26 892
26 960
27 31
27 59
27 91
27 155
27 194
27 237
27 283
27 405
27 424
27 502
27 539
27 545
27 596
27 702
27 774
27 874
27 893
27 961
28 29
28 30
28 60
28 92
28 156
28 197
28 234
28 284
28 402
28 431
28 497
28 540
28 550
28 595
28 697
28 769
28 877
28 890
28 966
29 31
29 61
29 93
29 157
29 196
29 235
29 285
29 403
29 430
29 496
29 541
29 551
29 594
29 696
29 768
29 876
29 891
29 967
30 31
30 62
30 94
30 158
30 199
30 232
30 286
30 400
30 429
30 499
30 542
30 548
30 593
30 699
30 771
30 879
30 888
30 964
31 63
31 95
31 159
31 198
31 233
31 287
31 401
31 428
31 498
31 543
31 549
31 592
31 698
31 770
31 878
31 889
31 965
32 33
32 34
32 36
32 40
32 48
32 96
32 160
32 214
32 249
32 288
32 403
32 430
32 461
32 538
32 544
32 623
32 645
32 829
32 838
32 849
32 1018
33 35
33 37
33 41
33 49
33 97
33 161
33 215
33 248
33 289
33 402
33 431
33 460
33 539
33 545
33 622
33 644
33 828
33 839
33 848
33 1019
34 35
34 38
34 42
34 50
34 98
34 162
34 212
34 251
34 290
34 401
34 428
34 463
34 536
34 546
34 621
34 647
34 831
34 836
34 851
34 1016
35 39
35 43
35 51
35 99
35 163
35 213
35 250
35 291
35 400
35 429
35 462
35 537
35 547
35 620
35 646
35 830
35 837
35 850
35 1017
36 37
36 38
36 44
36 52
36 100
36 164
36 210
36 253
36 292
36 407
36 426
36 457
36 542
36 548
36 619
36 641
36 825
36 834
36 853
36 1022
37 39
37 45
37 53
37 101
37 165
37 211
37 252
37 293
37 406
37 427
37 456
37 543
37 549
37 618
37 640
37 824
37 835
37 852
37 1023
38 39
38 46
38 54
38 102
38 166
38 208
38 255
38 294
38 405
38 424
38 459
38 540
38 550
38 617
38 643
38 827
38 832
38 855
38 1020
39 47
39 55
39 103
39 167
39 209
39 254
39 295
39 404
39 425
39 458
39 541
39 551
39 616
39 642
39 826
39 833
39 854
39 1021
40 41
40 42
40 44
40 56
40 104
40 168
40 222
40 241
40 296
40 411
40 422
40 453
40 530
40 552
40 615
40 653
40 821
40 846
40 857
40 1010
41 43
41 45
41 57
41 105
41 169
41 223
41 240
41 297
41 410
41 423
41 452
41 531
41 553
41 614
41 652
41 820
41 847
41 856
41 1011
42 43
42 46
42 58
42 106
42 170
42 220
42 243
42 298
42 409
42 420
42 455
42 528
42 554
42 613
42 655
42 823
42 844
42 859
42 1008
43 47
43 59
43 107
43 171
43 221
43 242
43 299
43 408
43 421
43 454
43 529
43 555
43 612
43 654
43 822
43 845
43 858
43 1009
44 45
44 46
44 60
44 108
44 172
44 218
44 245
44 300
44 415
44 418
44 449
44 534
44 556
44 611
44 649
44 817
44 842
44 861
44 1014
45 47
45 61
45 109
45 173
45 219
45 244
45 301
45 414
45 419
45 448
45 535
45 557
45 610
45 648
45 816
45 843
45 860
45 1015
46 47
46 62
46 110
46 174
46 216
46 247
46 302
46 413
46 416
46 451
46 532
46 558
46 609
46 651
46 819
46 840
46 863
46 1012
47 63
47 111
47 175
47 217
47 246
47 303
47 412
47 417
47 450
47 533
47 559
47 608
47 650
47 818
47 841
47 862
47 1013
48 49
48 50
48 52
48 56
48 112
48 176
48 198
48 233
48 304
48 387
48 446
48 477
48 522
48 560
48 639
48 661
48 813
48 833
48 854
48 1002
49 51
49 53
49 57
49 113
49 177
49 199
49 232
49 305
49 386
49 447
49 476
49 523
49 561
49 638
49 660
49 812
49 832
49 855
49 1003
50 51
50 54
50 58
50 114
50 178
50 196
50 235
50 306
50 385
50 444
50 479
50 520
50 562
50 637
50 663
50 815
50 835
50 852
50 1000
51 55
51 59
51 115
51 179
51 197
51 234
51 307
51 384
51 445
51 478
51 521
51 563
51 636
51 662
51 814
51 834
51 853
51 1001
52 53
52 54
52 60
52 116
52 180
52 194
52 237
52 308
52 391
52 442
52 473
52 526
52 564
52 635
52 657
52 809
52 837
52 850
52 1006
53 55
53 61
53 117
53 181
53 195
53 236
53 309
53 390
53 443
53 472
53 527
53 565
53 634
53 656
53 808
53 836
53 851
53 1007
54 55
54 62
54 118
54 182
54 192
54 239
54 310
54 389
54 440
54 475
54 524
54 566
54 633
54 659
54 811
54 839
54 848
54 1004
55 63
55 119
55 183
55 193
55 238
55 311
55 388
55 441
55 474
55 525
55 567
55 632
55 658
55 810
55 838
55 849
55 1005
56 57
56 58
56 60
56 120
56 184
56 206
56 225
56 312
56 395
56 438
56 469
56 514
56 568
56 631
56 669
56 805
56 841
56 862
56 994
57 59
57 61
57 121
57 185
57 207
57 224
57 313
57 394
57 439
57 468
57 515
57 569
57 630
57 668
57 804
57 840
57 863
57 995
58 59
58 62
58 122
58 186
58 204
58 227
58 314
58 393
58 436
58 471
58 512
58 570
58 629
58 671
58 807
58 843
58 860
58 992
59 63
59 123
59 187
59 205
59 226
59 315
59 392
59 437
59 470
59 513
59 571
59 628
59 670
59 806
59 842
59 861
59 993
60 61
60 62
60 124
60 188
60 202
60 229
60 316
60 399
60 434
60 465
60 518
60 572
60 627
60 665
60 801
60 845
60 858
60 998
61 63
61 125
61 189
61 203
61 228
61 317
61 398
61 435
61 464
61 519
61 573
61 626
61 664
61 800
61 844
61 859
61 999
62 63
62 126
62 190
62 200
62 231
62 318
62 397
62 432
62 467
62 516
62 574
62 625
62 667
62 803
62 847
62 856
62 996
63 127
63 191
63 201
63 230
63 319
63 396
63 433
63 466
63 517
63 575
63 624
63 666
63 802
63 846
63 857
63 997
64 65
64 66
64 68
64 72
64 80
64 96
64 153
64 182
64 192
64 320
64 429
64 462
64 499
64 527
64 576
64 634
64 741
64 806
64 817
64 861
64 922
65 67
65 69
65 73
65 81
65 97
65 152
65 183
65 193
65 321
65 428
65 463
65 498
65 526
65 577
65 635
65 740
65 807
65 816
65 860
65 923
66 67
66 70
66 74
66 82
66 98
66 155
66 180
66 194
66 322
66 431
66 460
66 497
66 525
66 578
66 632
66 743
66 804
66 819
66 863
66 920
67 71
67 75
67 83
67 99
67 154
67 181
67 195
67 323
67 430
67 461
67 496
67 524
67 579
67 633
67 742
67 805
67 818
67 862
67 921
68 69
68 70
68 76
68 84
68 100
68 157
68 178
68 196
68 324
68 425
68 458
68 503
68 523
68 580
68 638
68 737
68 802
68 821
68 857
68 926
69 71
69 77
69 85
69 101
69 156
69 179
69 197
69 325
69 424
69 459
69 502
69 522
69 581
69 639
69 736
69 803
69 820
69 856
69 927
70 71
70 78
70 86
70 102
70 159
70 176
70 198
70 326
70 427
70 456
70 501
70 521
70 582
70 636
70 739
70 800
70 823
70 859
70 924
71 79
71 87
71 103
71 158
71 177
71 199
71 327
71 426
71 457
71 500
71 520
71 583
71 637
71 738
71 801
71 822
71 858
71 925
72 73
72 74
72 76
72 88
72 104
72 145
72 190
72 200
72 328
72 421
72 454
72 507
72 519
72 584
72 626
72 749
72 814
72 825
72 853
72 914
73 75
73 77
73 89
73 105
73 144
73 191
73 201
73 329
73 420
73 455
73 506
73 518
73 585
73 627
73 748
73 815
73 824
73 852
73 915
74 75
74 78
74 90
74 106
74 147
74 188
74 202
74 330
74 423
74 452
74 505
74 517
74 586
74 624
74 751
74 812
74 827
74 855
74 912
75 79
75 91
75 107
75 146
75 189
75 203
75 331
75 422
75 453
75 504
75 516
75 587
75 625
75 750
75 813
75 826
75 854
75 913
76 77
76 78
76 92
76 108
76 149
76 186
76 204
76 332
76 417
76 450
76 511
76 515
76 588
76 630
76 745
76 810
76 829
76 849
76 918
77 79
77 93
77 109
77 148
77 187
77 205
77 333
77 416
77 451
77 510
77 514
77 589
77 631
77 744
77 811
77 828
77 848
77 919
78 79
78 94
78 110
78 151
78 184
78 206
78 334
78 419
78 448
78 509
78 513
78 590
78 628
78 747
78 808
78 831
78 851
78 916
79 95
79 111
79 150
79 185
79 207
79 335
79 418
79 449
79 508
79 512
79 591
79 629
79 746
79 809
79 830
79 850
79 917
80 81
80 82
80 84
80 88
80 112
80 137
80 166
80 208
80 336
80 445
80 478
80 483
80 543
80 592
80 618
80 757
80 801
80 822
80 845
80 906
81 83
81 85
81 89
81 113
81 136
81 167
81 209
81 337
81 444
81 479
81 482
81 542
81 593
81 619
81 756
81 800
81 823
81 844
81 907
82 83
82 86
82 90
82 114
82 139
82 164
82 210
82 338
82 447
82 476
82 481
82 541
82 594
82 616
82 759
82 803
82 820
82 847
82 904
83 87
83 91
83 115
83 138
83 165
83 211
83 339
83 446
83 477
83 480
83 540
83 595
83 617
83 758
83 802
83 821
83 846
83 905
84 85
84 86
84 92
84 116
84 141
84 162
84 212
84 340
84 441
84 474
84 487
84 539
84 596
84 622
84 753
84 805
84 818
84 841
84 910
85 87
85 93
85 117
85 140
85 163
85 213
85 341
85 440
85 475
85 486
85 538
85 597
85 623
85 752
85 804
85 819
85 840
85 911
86 87
86 94
86 118
86 143
86 160
86 214
86 342
86 443
86 472
86 485
86 537
86 598
86 620
86 755
86 807
86 816
86 843
86 908
87 95
87 119
87 142
87 161
87 215
87 343
87 442
87 473
87 484
87 536
87 599
87 621
87 754
87 806
87 817
87 842
87 909
88 89
88 90
88 92
88 120
88 129
88 174
88 216
88 344
88 437
88 470
88 491
88 535
88 600
88 610
88 765
88 809
88 830
88 837
88 898
89 91
89 93
89 121
89 128
89 175
89 217
89 345
89 436
89 471
89 490
89 534
89 601
89 611
89 764
89 808
89 831
89 836
89 899
90 91
90 94
90 122
90 131
90 172
90 218
90 346
90 439
90 468
90 489
90 533
90 602
90 608
90 767
90 811
90 828
90 839
90 896
91 95
91 123
91 130
91 173
91 219
91 347
91 438
91 469
91 488
91 532
91 603
91 609
91 766
91 810
91 829
91 838
91 897
92 93
92 94
92 124
92 133
92 170
92 220
92 348
92 433
92 466
92 495
92 531
92 604
92 614
92 761
92 813
92 826
92 833
92 902
93 95
93 125
93 132
93 171
93 221
93 349
93 432
93 467
93 494
93 530
93 605
93 615
93 760
93 812
93 827
93 832
93 903
94 95
94 126
94 135
94 168
94 222
94 350
94 435
94 464
94 493
94 529
94 606
94 612
94 763
94 815
94 824
94 835
94 900
95 127
95 134
95 169
95 223
95 351
95 434
95 465
95 492
95 528
95 607
95 613
95 762
95 814
95 825
95 834
95 901
96 97
96 98
96 100
96 104
96 112
96 150
96 185
96 224
96 352
96 397
96 467
96 494
96 559
96 602
96 608
96 709
96 774
96 785
96 893
96 954
97 99
97 101
97 105
97 113
97 151
97 184
97 225
97 353
97 396
97 466
97 495
97 558
97 603
97 609
97 708
97 775
97 784
97 892
97 955
98 99
98 102
98 106
98 114
98 148
98 187
98 226
98 354
98 399
98 465
98 492
98 557
98 600
98 610
98 711
98 772
98 787
98 895
98 952
99 103
99 107
99 115
99 149
99 186
99 227
99 355
99 398
99 464
99 493
99 556
99 601
99 611
99 710
99 773
99 786
99 894
99 953
100 101
100 102
100 108
100 116
100 146
100 189
100 228
100 356
100 393
100 471
100 490
100 555
100 606
100 612
100 705
100 770
100 789
100 889
100 958
101 103
101 109
101 117
101 147
101 188
101 229
101 357
101 392
101 470
101 491
101 554
101 607
101 613
101 704
101 771
101 788
101 888
101 959
102 103
102 110
102 118
102 144
102 191
102 230
102 358
102 395
102 469
102 488
102 553
102 604
102 614
102 707
102 768
102 791
102 891
102 956
103 111
103 119
103 145
103 190
103 231
103 359
103 394
103 468
103 489
103 552
103 605
103 615
103 706
103 769
103 790
103 890
103 957
104 105
104 106
104 108
104 120
104 158
104 177
104 232
104 360
104 389
104 475
104 486
104 551
104 594
104 616
104 717
104 782
104 793
104 885
104 946
105 107
105 109
105 121
105 159
105 176
105 233
105 361
105 388
105 474
105 487
105 550
105 595
105 617
105 716
105 783
105 792
105 884
105 947
106 107
106 110
106 122
106 156
106 179
106 234
106 362
106 391
106 473
106 484
106 549
106 592
106 618
106 719
106 780
106 795
106 887
106 944
107 111
107 123
107 157
107 178
107 235
107 363
107 390
107 472
107 485
107 548
107 593
107 619
107 718
107 781
107 794
107 886
107 945
108 109
108 110
108 124
108 154
108 181
108 236
108 364
108 385
108 479
108 482
108 547
108 598
108 620
108 713
108 778
108 797
108 881
108 950
109 111
109 125
109 155
109 180
109 237
109 365
109 384
109 478
109 483
109 546
109 599
109 621
109 712
109 779
109 796
109 880
109 951
110 111
110 126
110 152
110 183
110 238
110 366
110 387
110 477
110 480
110 545
110 596
110 622
110 715
110 776
110 799
110 883
110 948
111 127
111 153
111 182
111 239
111 367
111 386
111 476
111 481
111 544
111 597
111 623
111 714
111 777
111 798
111 882
111 949
112 113
112 114
112 116
112 120
112 134
112 169
112 240
112 368
112 413
112 451
112 510
112 575
112 586
112 624
112 725
112 769
112 790
112 877
112 938
113 115
113 117
113 121
113 135
113 168
113 241
113 369
113 412
113 450
113 511
113 574
113 587
113 625
113 724
113 768
113 791
113 876
113 939
114 115
114 118
114 122
114 132
114 171
114 242
114 370
114 415
114 449
114 508
114 573
114 584
114 626
114 727
114 771
114 788
114 879
114 936
115 119
115 123
115 133
115 170
115 243
115 371
115 414
115 448
115 509
115 572
115 585
115 627
115 726
115 770
115 789
115 878
115 937
116 117
116 118
116 124
116 130
116 173
116 244
116 372
116 409
116 455
116 506
116 571
116 590
116 628
116 721
116 773
116 786
116 873
116 942
117 119
117 125
117 131
117 172
117 245
117 373
117 408
117 454
117 507
117 570
117 591
117 629
117 720
117 772
117 787
117 872
117 943
118 119
118 126
118 128
118 175
118 246
118 374
118 411
118 453
118 504
118 569
118 588
118 630
118 723
118 775
118 784
118 875
118 940
119 127
119 129
119 174
119 247
119 375
119 410
119 452
119 505
119 568
119 589
119 631
119 722
119 774
119 785
119 874
119 941
120 121
120 122
120 124
120 142
120 161
120 248
120 376
120 405
120 459
120 502
120 567
120 578
120 632
120 733
120 777
120 798
120 869
120 930
121 123
121 125
121 143
121 160
121 249
121 377
121 404
121 458
121 503
121 566
121 579
121 633
121 732
121 776
121 799
121 868
121 931
122 123
122 126
122 140
122 163
122 250
122 378
122 407
122 457
122 500
122 565
122 576
122 634
122 735
122 779
122 796
122 871
122 928
123 127
123 141
123 162
123 251
123 379
123 406
123 456
123 501
123 564
123 577
123 635
123 734
123 778
123 797
123 870
123 929
124 125
124 126
124 138
124 165
124 252
124 380
124 401
124 463
124 498
124 563
124 582
124 636
124 729
124 781
124 794
124 865
124 934
125 127
125 139
125 164
125 253
125 381
125 400
125 462
125 499
125 562
125 583
125 637
125 728
125 780
125 795
125 864
125 935
126 127
126 136
126 167
126 254
126 382
126 403
126 461
126 496
126 561
126 580
126 638
126 731
126 783
126 792
126 867
126 932
127 137
127 166
127 255
127 383
127 402
127 460
127 497
127 560
127 581
127 639
127 730
127 782
127 793
127 866
127 933
128 129
128 130
128 132
128 136
128 144
128 160
128 192
128 270
128 307
128 365
128 384
128 549
128 640
128 698
128 719
128 858
128 925
128 998
128 1009
129 131
129 133
129 137
129 145
129 161
129 193
129 271
129 306
129 364
129 385
129 548
129 641
129 699
129 718
129 859
129 924
129 999
129 1008
130 131
130 134
130 138
130 146
130 162
130 194
130 268
130 305
130 367
130 386
130 551
130 642
130 696
130 717
130 856
130 927
130 996
130 1011
131 135
131 139
131 147
131 163
131 195
131 269
131 304
131 366
131 387
131 550
131 643
131 697
131 716
131 857
131 926
131 997
131 1010
132 133
132 134
132 140
132 148
132 164
132 196
132 266
132 311
132 361
132 388
132 545
132 644
132 702
132 715
132 862
132 921
132 994
132 1013
133 135
133 141
133 149
133 165
133 197
133 267
133 310
133 360
133 389
133 544
133 645
133 703
133 714
133 863
133 920
133 995
133 1012
134 135
134 142
134 150
134 166
134 198
134 264
134 309
134 363
134 390
134 547
134 646
134 700
134 713
134 860
134 923
134 992
134 1015
135 143
135 151
135 167
135 199
135 265
135 308
135 362
135 391
135 546
135 647
135 701
135 712
135 861
135 922
135 993
135 1014
136 137
136 138
136 140
136 152
136 168
136 200
136 262
136 315
136 357
136 392
136 557
136 648
136 690
136 711
136 850
136 917
136 1006
136 1017
137 139
137 141
137 153
137 169
137 201
137 263
137 314
137 356
137 393
137 556
137 649
137 691
137 710
137 851
137 916
137 1007
137 1016
138 139
138 142
138 154
138 170
138 202
138 260
138 313
138 359
138 394
138 559
138 650
138 688
138 709
138 848
138 919
138 1004
138 1019
139 143
139 155
139 171
139 203
139 261
139 312
139 358
139 395
139 558
139 651
139 689
139 708
139 849
139 918
139 1005
139 1018
140 141
140 142
140 156
140 172
140 204
140 258
140 319
140 353
140 396
140 553
140 652
140 694
140 707
140 854
140 913
140 1002
140 1021
141 143
141 157
141 173
141 205
141 259
141 318
141 352
141 397
141 552
141 653
141 695
141 706
141 855
141 912
141 1003
141 1020
142 143
142 158
142 174
142 206
142 256
142 317
142 355
142 398
142 555
142 654
142 692
142 705
142 852
142 915
142 1000
142 1023
143 159
143 175
143 207
143 257
143 316
143 354
143 399
143 554
143 655
143 693
143 704
143 853
143 914
143 1001
143 1022
144 145
144 146
144 148
144 152
144 176
144 208
144 286
144 291
144 381
144 400
144 565
144 656
144 682
144 735
144 842
144 909
144 993
144 1014
145 147
145 149
145 153
145 177
145 209
145 287
145 290
145 380
145 401
145 564
145 657
145 683
145 734
145 843
145 908
145 992
145 1015
146 147
146 150
146 154
146 178
146 210
146 284
146 289
146 383
146 402
146 567
146 658
146 680
146 733
146 840
146 911
146 995
146 1012
147 151
147 155
147 179
147 211
147 285
147 288
147 382
147 403
147 566
147 659
147 681
147 732
147 841
147 910
147 994
147 1013
148 149
148 150
148 156
148 180
148 212
148 282
148 295
148 377
148 404
148 561
148 660
148 686
148 731
148 846
148 905
148 997
148 1010
149 151
149 157
149 181
149 213
149 283
149 294
149 376
149 405
149 560
149 661
149 687
149 730
149 847
149 904
149 996
149 1011
150 151
150 158
150 182
150 214
150 280
150 293
150 379
150 406
150 563
150 662
150 684
150 729
150 844
150 907
150 999
150 1008
151 159
151 183
151 215
151 281
151 292
151 378
151 407
151 562
151 663
151 685
151 728
151 845
151 906
151 998
151 1009
152 153
152 154
152 156
152 184
152 216
152 278
152 299
152 373
152 408
152 573
152 664
152 674
152 727
152 834
152 901
152 1001
152 1022
153 155
153 157
153 185
153 217
153 279
153 298
153 372
153 409
153 572
153 665
153 675
153 726
153 835
153 900
153 1000
153 1023
154 155
154 158
154 186
154 218
154 276
154 297
154 375
154 410
154 575
154 666
154 672
154 725
154 832
154 903
154 1003
154 1020
155 159
155 187
155 219
155 277
155 296
155 374
155 411
155 574
155 667
155 673
155 724
155 833
155 902
155 1002
155 1021
156 157
156 158
156 188
156 220
156 274
156 303
156 369
156 412
156 569
156 668
156 678
156 723
156 838
156 897
156 1005
156 1018
157 159
157 189
157 221
157 275
157 302
157 368
157 413
157 568
157 669
157 679
157 722
157 839
157 896
157 1004
157 1019
158 159
158 190
158 222
158 272
158 301
158 371
158 414
158 571
158 670
158 676
158 721
158 836
158 899
158 1007
158 1016
159 191
159 223
159 273
159 300
159 370
159 415
159 570
159 671
159 677
159 720
159 837
159 898
159 1006
159 1017
160 161
160 162
160 164
160 168
160 176
160 224
160 275
160 302
160 333
160 416
160 517
160 666
160 672
160 751
160 890
160 957
160 966
160 977
161 163
161 165
161 169
161 177
161 225
161 274
161 303
161 332
161 417
161 516
161 667
161 673
161 750
161 891
161 956
161 967
161 976
162 163
162 166
162 170
162 178
162 226
162 273
162 300
162 335
162 418
162 519
162 664
162 674
162 749
162 888
162 959
162 964
162 979
163 167
163 171
163 179
163 227
163 272
163 301
163 334
163 419
163 518
163 665
163 675
163 748
163 889
163 958
163 965
163 978
164 165
164 166
164 172
164 180
164 228
164 279
164 298
164 329
164 420
164 513
164 670
164 676
164 747
164 894
164 953
164 962
164 981
165 167
165 173
165 181
165 229
165 278
165 299
165 328
165 421
165 512
165 671
165 677
165 746
165 895
165 952
165 963
165 980
166 167
166 174
166 182
166 230
166 277
166 296
166 331
166 422
166 515
166 668
166 678
166 745
166 892
166 955
166 960
166 983
167 175
167 183
167 231
167 276
167 297
167 330
167 423
167 514
167 669
167 679
167 744
167 893
167 954
167 961
167 982
168 169
168 170
168 172
168 184
168 232
168 283
168 294
168 325
168 424
168 525
168 658
168 680
168 743
168 882
168 949
168 974
168 985
169 171
169 173
169 185
169 233
169 282
169 295
169 324
169 425
169 524
169 659
169 681
169 742
169 883
169 948
169 975
169 984
170 171
170 174
170 186
170 234
170 281
170 292
170 327
170 426
170 527
170 656
170 682
170 741
170 880
170 951
170 972
170 987
171 175
171 187
171 235
171 280
171 293
171 326
171 427
171 526
171 657
171 683
171 740
171 881
171 950
171 973
171 986
172 173
172 174
172 188
172 236
172 287
172 290
172 321
172 428
172 521
172 662
172 684
172 739
172 886
172 945
172 970
172 989
173 175
173 189
173 237
173 286
173 291
173 320
173 429
173 520
173 663
173 685
173 738
173 887
173 944
173 971
173 988
174 175
174 190
174 238
174 285
174 288
174 323
174 430
174 523
174 660
174 686
174 737
174 884
174 947
174 968
174 991
175 191
175 239
175 284
175 289
175 322
175 431
175 522
175 661
175 687
175 736
175 885
175 946
175 969
175 990
176 177
176 178
176 180
176 184
176 240
176 259
176 318
176 349
176 432
176 533
176 650
176 688
176 767
176 874
176 941
176 961
176 982
177 179
177 181
177 185
177 241
177 258
177 319
177 348
177 433
177 532
177 651
177 689
177 766
177 875
177 940
177 960
177 983
178 179
178 182
178 186
178 242
178 257
178 316
178 351
178 434
178 535
178 648
178 690
178 765
178 872
178 943
178 963
178 980
179 183
179 187
179 243
179 256
179 317
179 350
179 435
179 534
179 649
179 691
179 764
179 873
179 942
179 962
179 981
180 181
180 182
180 188
180 244
180 263
180 314
180 345
180 436
180 529
180 654
180 692
180 763
180 878
180 937
180 965
180 978
181 183
181 189
181 245
181 262
181 315
181 344
181 437
181 528
181 655
181 693
181 762
181 879
181 936
181 964
181 979
182 183
182 190
182 246
182 261
182 312
182 347
182 438
182 531
182 652
182 694
182 761
182 876
182 939
182 967
182 976
183 191
183 247
183 260
183 313
183 346
183 439
183 530
183 653
183 695
183 760
183 877
183 938
183 966
183 977
184 185
184 186
184 188
184 248
184 267
184 310
184 341
184 440
184 541
184 642
184 696
184 759
184 866
184 933
184 969
184 990
185 187
185 189
185 249
185 266
185 311
185 340
185 441
185 540
185 643
185 697
185 758
185 867
185 932
185 968
185 991
186 187
186 190
186 250
186 265
186 308
186 343
186 442
186 543
186 640
186 698
186 757
186 864
186 935
186 971
186 988
187 191
187 251
187 264
187 309
187 342
187 443
187 542
187 641
187 699
187 756
187 865
187 934
187 970
187 989
188 189
188 190
188 252
188 271
188 306
188 337
188 444
188 537
188 646
188 700
188 755
188 870
188 929
188 973
188 986
189 191
189 253
189 270
189 307
189 336
189 445
189 536
189 647
189 701
189 754
189 871
189 928
189 972
189 987
190 191
190 254
190 269
190 304
190 339
190 446
190 539
190 644
190 702
190 753
190 868
190 931
190 975
190 984
191 255
191 268
191 305
191 338
191 447
191 538
191 645
191 703
191 752
191 869
191 930
191 974
191 985
192 193
192 194
192 196
192 200
192 208
192 224
192 301
192 334
192 371
192 448
192 613
192 655
192 704
192 762
192 794
192 934
192 945
192 989
193 195
193 197
193 201
193 209
193 225
193 300
193 335
193 370
193 449
193 612
193 654
193 705
193 763
193 795
193 935
193 944
193 988
194 195
194 198
194 202
194 210
194 226
194 303
194 332
194 369
194 450
194 615
194 653
194 706
194 760
194 792
194 932
194 947
194 991
195 199
195 203
195 211
195 227
195 302
195 333
195 368
195 451
195 614
195 652
195 707
195 761
195 793
195 933
195 946
195 990
196 197
196 198
196 204
196 212
196 228
196 297
196 330
196 375
196 452
196 609
196 651
196 708
196 766
196 798
196 930
196 949
196 985
197 199
197 205
197 213
197 229
197 296
197 331
197 374
197 453
197 608
197 650
197 709
197 767
197 799
197 931
197 948
197 984
198 199
198 206
198 214
198 230
198 299
198 328
198 373
198 454
198 611
198 649
198 710
198 764
198 796
198 928
198 951
198 987
199 207
199 215
199 231
199 298
199 329
199 372
199 455
199 610
199 648
199 711
199 765
199 797
199 929
199 950
199 986
200 201
200 202
200 204
200 216
200 232
200 293
200 326
200 379
200 456
200 621
200 647
200 712
200 754
200 786
200 942
200 953
200 981
201 203
201 205
201 217
201 233
201 292
201 327
201 378
201 457
201 620
201 646
201 713
201 755
201 787
201 943
201 952
201 980
202 203
202 206
202 218
202 234
202 295
202 324
202 377
202 458
202 623
202 645
202 714
202 752
202 784
202 940
202 955
202 983
203 207
203 219
203 235
203 294
203 325
203 376
203 459
203 622
203 644
203 715
203 753
203 785
203 941
203 954
203 982
204 205
204 206
204 220
204 236
204 289
204 322
204 383
204 460
204 617
204 643
204 716
204 758
204 790
204 938
204 957
204 977
205 207
205 221
205 237
205 288
205 323
205 382
205 461
205 616
205 642
205 717
205 759
205 791
205 939
205 956
205 976
206 207
206 222
206 238
206 291
206 320
206 381
206 462
206 619
206 641
206 718
206 756
206 788
206 936
206 959
206 979
207 223
207 239
207 290
207 321
207 380
207 463
207 618
207 640
207 719
207 757
207 789
207 937
207 958
207 978
208 209
208 210
208 212
208 216
208 240
208 317
208 350
208 355
208 464
208 629
208 671
208 720
208 746
208 778
208 929
208 950
208 973
209 211
209 213
209 217
209 241
209 316
209 351
209 354
209 465
209 628
209 670
209 721
209 747
209 779
209 928
209 951
209 972
210 211
210 214
210 218
210 242
210 319
210 348
210 353
210 466
210 631
210 669
210 722
210 744
210 776
210 931
210 948
210 975
211 215
211 219
211 243
211 318
211 349
211 352
211 467
211 630
211 668
211 723
211 745
211 777
211 930
211 949
211 974
212 213
212 214
212 220
212 244
212 313
212 346
212 359
212 468
212 625
212 667
212 724
212 750
212 782
212 933
212 946
212 969
213 215
213 221
213 245
213 312
213 347
213 358
213 469
213 624
213 666
213 725
213 751
213 783
213 932
213 947
213 968
214 215
214 222
214 246
214 315
214 344
214 357
214 470
214 627
214 665
214 726
214 748
214 780
214 935
214 944
214 971
215 223
215 247
215 314
215 345
215 356
215 471
215 626
215 664
215 727
215 749
215 781
215 934
215 945
215 970
216 217
216 218
216 220
216 248
216 309
216 342
216 363
216 472
216 637
216 663
216 728
216 738
216 770
216 937
216 958
216 965
217 219
217 221
217 249
217 308
217 343
217 362
217 473
217 636
217 662
217 729
217 739
217 771
217 936
217 959
217 964
218 219
218 222
218 250
218 311
218 340
218 361
218 474
218 639
218 661
218 730
218 736
218 768
218 939
218 956
218 967
219 223
219 251
219 310
219 341
219 360
219 475
219 638
219 660
219 731
219 737
219 769
219 938
219 957
219 966
220 221
220 222
220 252
220 305
220 338
220 367
220 476
220 633
220 659
220 732
220 742
220 774
220 941
220 954
220 961
221 223
221 253
221 304
221 339
221 366
221 477
221 632
221 658
221 733
221 743
221 775
221 940
221 955
221 960
222 223
222 254
222 307
222 336
222 365
222 478
222 635
222 657
222 734
222 740
222 772
222 943
222 952
222 963
223 255
223 306
223 337
223 364
223 479
223 634
223 656
223 735
223 741
223 773
223 942
223 953
223 962
224 225
224 226
224 228
224 232
224 240
224 269
224 339
224 366
224 480
224 581
224 687
224 730
224 736
224 826
224 902
224 913
224 1021
225 227
225 229
225 233
225 241
225 268
225 338
225 367
225 481
225 580
225 686
225 731
225 737
225 827
225 903
225 912
225 1020
226 227
226 230
226 234
226 242
226 271
226 337
226 364
226 482
226 583
226 685
226 728
226 738
226 824
226 900
226 915
226 1023
227 231
227 235
227 243
227 270
227 336
227 365
227 483
227 582
227 684
227 729
227 739
227 825
227 901
227 914
227 1022
228 229
228 230
228 236
228 244
228 265
228 343
228 362
228 484
228 577
228 683
228 734
228 740
228 830
228 898
228 917
228 1017
229 231
229 237
229 245
229 264
229 342
229 363
229 485
229 576
229 682
229 735
229 741
229 831
229 899
229 916
229 1016
230 231
230 238
230 246
230 267
230 341
230 360
230 486
230 579
230 681
230 732
230 742
230 828
230 896
230 919
230 1019
231 239
231 247
231 266
231 340
231 361
231 487
231 578
231 680
231 733
231 743
231 829
231 897
231 918
231 1018
232 233
232 234
232 236
232 248
232 261
232 347
232 358
232 488
232 589
232 679
232 722
232 744
232 818
232 910
232 921
232 1013
233 235
233 237
233 249
233 260
233 346
233 359
233 489
233 588
233 678
233 723
233 745
233 819
233 911
233 920
233 1012
234 235
234 238
234 250
234 263
234 345
234 356
234 490
234 591
234 677
234 720
234 746
234 816
234 908
234 923
234 1015
235 239
235 251
235 262
235 344
235 357
235 491
235 590
235 676
235 721
235 747
235 817
235 909
235 922
235 1014
236 237
236 238
236 252
236 257
236 351
236 354
236 492
236 585
236 675
236 726
236 748
236 822
236 906
236 925
236 1009
237 239
237 253
237 256
237 350
237 355
237 493
237 584
237 674
237 727
237 749
237 823
237 907
237 924
237 1008
238 239
238 254
238 259
238 349
238 352
238 494
238 587
238 673
238 724
238 750
238 820
238 904
238 927
238 1011
239 255
239 258
239 348
239 353
239 495
239 586
239 672
239 725
239 751
239 821
239 905
239 926
239 1010
240 241
240 242
240 244
240 248
240 285
240 323
240 382
240 496
240 597
240 703
240 714
240 752
240 810
240 897
240 918
240 1005
241 243
241 245
241 249
241 284
241 322
241 383
241 497
241 596
241 702
241 715
241 753
241 811
241 896
241 919
241 1004
242 243
242 246
242 250
242 287
242 321
242 380
242 498
242 599
242 701
242 712
242 754
242 808
242 899
242 916
242 1007
243 247
243 251
243 286
243 320
243 381
243 499
243 598
243 700
243 713
243 755
243 809
243 898
243 917
243 1006
244 245
244 246
244 252
244 281
244 327
244 378
244 500
244 593
244 699
244 718
244 756
244 814
244 901
244 914
244 1001
245 247
245 253
245 280
245 326
245 379
245 501
245 592
245 698
245 719
245 757
245 815
245 900
245 915
245 1000
246 247
246 254
246 283
246 325
246 376
246 502
246 595
246 697
246 716
246 758
246 812
246 903
246 912
246 1003
247 255
247 282
247 324
247 377
247 503
247 594
247 696
247 717
247 759
247 813
247 902
247 913
247 1002
248 249
248 250
248 252
248 277
248 331
248 374
248 504
248 605
248 695
248 706
248 760
248 802
248 905
248 926
248 997
249 251
249 253
249 276
249 330
249 375
249 505
249 604
249 694
249 707
249 761
249 803
249 904
249 927
249 996
250 251
250 254
250 279
250 329
250 372
250 506
250 607
250 693
250 704
250 762
250 800
250 907
250 924
250 999
251 255
251 278
251 328
251 373
251 507
251 606
251 692
251 705
251 763
251 801
251 906
251 925
251 998
252 253
252 254
252 273
252 335
252 370
252 508
252 601
252 691
252 710
252 764
252 806
252 909
252 922
252 993
253 255
253 272
253 334
253 371
253 509
253 600
253 690
253 711
253 765
253 807
253 908
253 923
253 992
254 255
254 275
254 333
254 368
254 510
254 603
254 689
254 708
254 766
254 804
254 911
254 920
254 995
255 274
255 332
255 369
255 511
255 602
255 688
255 709
255 767
255 805
255 910
255 921
255 994
256 257
256 258
256 260
256 264
256 272
256 288
256 320
256 384
256 473
256 502
256 541
256 614
256 625
256 730
256 768
256 826
256 847
256 933
257 259
257 261
257 265
257 273
257 289
257 321
257 385
257 472
257 503
257 540
257 615
257 624
257 731
257 769
257 827
257 846
257 932
258 259
258 262
258 266
258 274
258 290
258 322
258 386
258 475
258 500
258 543
258 612
258 627
258 728
258 770
258 824
258 845
258 935
259 263
259 267
259 275
259 291
259 323
259 387
259 474
259 501
259 542
259 613
259 626
259 729
259 771
259 825
259 844
259 934
260 261
260 262
260 268
260 276
260 292
260 324
260 388
260 477
260 498
260 537
260 610
260 629
260 734
260 772
260 830
260 843
260 929
261 263
261 269
261 277
261 293
261 325
261 389
261 476
261 499
261 536
261 611
261 628
261 735
261 773
261 831
261 842
261 928
262 263
262 270
262 278
262 294
262 326
262 390
262 479
262 496
262 539
262 608
262 631
262 732
262 774
262 828
262 841
262 931
263 271
263 279
263 295
263 327
263 391
263 478
263 497
263 538
263 609
263 630
263 733
263 775
263 829
263 840
263 930
264 265
264 266
264 268
264 280
264 296
264 328
264 392
264 465
264 510
264 533
264 622
264 633
264 722
264 776
264 818
264 839
264 941
265 267
265 269
265 281
265 297
265 329
265 393
265 464
265 511
265 532
265 623
265 632
265 723
265 777
265 819
265 838
265 940
266 267
266 270
266 282
266 298
266 330
266 394
266 467
266 508
266 535
266 620
266 635
266 720
266 778
266 816
266 837
266 943
267 271
267 283
267 299
267 331
267 395
267 466
267 509
267 534
267 621
267 634
267 721
267 779
267 817
267 836
267 942
268 269
268 270
268 284
268 300
268 332
268 396
268 469
268 506
268 529
268 618
268 637
268 726
268 780
268 822
268 835
268 937
269 271
269 285
269 301
269 333
269 397
269 468
269 507
269 528
269 619
269 636
269 727
269 781
269 823
269 834
269 936
270 271
270 286
270 302
270 334
270 398
270 471
270 504
270 531
270 616
270 639
270 724
270 782
270 820
270 833
270 939
271 287
271 303
271 335
271 399
271 470
271 505
271 530
271 617
271 638
271 725
271 783
271 821
271 832
271 938
272 273
272 274
272 276
272 280
272 304
272 336
272 400
272 457
272 486
272 525
272 609
272 630
272 714
272 784
272 810
272 863
272 949
273 275
273 277
273 281
273 305
273 337
273 401
273 456
273 487
273 524
273 608
273 631
273 715
273 785
273 811
273 862
273 948
274 275
274 278
274 282
274 306
274 338
274 402
274 459
274 484
274 527
274 611
274 628
274 712
274 786
274 808
274 861
274 951
275 279
275 283
275 307
275 339
275 403
275 458
275 485
275 526
275 610
275 629
275 713
275 787
275 809
275 860
275 950
276 277
276 278
276 284
276 308
276 340
276 404
276 461
276 482
276 521
276 613
276 626
276 718
276 788
276 814
276 859
276 945
277 279
277 285
277 309
277 341
277 405
277 460
277 483
277 520
277 612
277 627
277 719
277 789
277 815
277 858
277 944
278 279
278 286
278 310
278 342
278 406
278 463
278 480
278 523
278 615
278 624
278 716
278 790
278 812
278 857
278 947
279 287
279 311
279 343
279 407
279 462
279 481
279 522
279 614
279 625
279 717
279 791
279 813
279 856
279 946
280 281
280 282
280 284
280 312
280 344
280 408
280 449
280 494
280 517
280 617
280 638
280 706
280 792
280 802
280 855
280 957
281 283
281 285
281 313
281 345
281 409
281 448
281 495
281 516
281 616
281 639
281 707
281 793
281 803
281 854
281 956
282 283
282 286
282 314
282 346
282 410
282 451
282 492
282 519
282 619
282 636
282 704
282 794
282 800
282 853
282 959
283 287
283 315
283 347
283 411
283 450
283 493
283 518
283 618
283 637
283 705
283 795
283 801
283 852
283 958
284 285
284 286
284 316
284 348
284 412
284 453
284 490
284 513
284 621
284 634
284 710
284 796
284 806
284 851
284 953
285 287
285 317
285 349
285 413
285 452
285 491
285 512
285 620
285 635
285 711
285 797
285 807
285 850
285 952
286 287
286 318
286 350
286 414
286 455
286 488
286 515
286 623
286 632
286 708
286 798
286 804
286 849
286 955
287 319
287 351
287 415
287 454
287 489
287 514
287 622
287 633
287 709
287 799
287 805
287 848
287 954
288 289
288 290
288 292
288 296
288 304
288 352
288 416
288 470
288 505
288 573
288 582
288 593
288 762
288 794
288 800
288 879
288 901
289 291
289 293
289 297
289 305
289 353
289 417
289 471
289 504
289 572
289 583
289 592
289 763
289 795
289 801
289 878
289 900
290 291
290 294
290 298
290 306
290 354
290 418
290 468
290 507
290 575
290 580
290 595
290 760
290 792
290 802
290 877
290 903
291 295
291 299
291 307
291 355
291 419
291 469
291 506
291 574
291 581
291 594
291 761
291 793
291 803
291 876
291 902
292 293
292 294
292 300
292 308
292 356
292 420
292 466
292 509
292 569
292 578
292 597
292 766
292 798
292 804
292 875
292 897
293 295
293 301
293 309
293 357
293 421
293 467
293 508
293 568
293 579
293 596
293 767
293 799
293 805
293 874
293 896
294 295
294 302
294 310
294 358
294 422
294 464
294 511
294 571
294 576
294 599
294 764
294 796
294 806
294 873
294 899
295 303
295 311
295 359
295 423
295 465
295 510
295 570
295 577
295 598
295 765
295 797
295 807
295 872
295 898
296 297
296 298
296 300
296 312
296 360
296 424
296 478
296 497
296 565
296 590
296 601
296 754
296 786
296 808
296 871
296 909
297 299
297 301
297 313
297 361
297 425
297 479
297 496
297 564
297 591
297 600
297 755
297 787
297 809
297 870
297 908
298 299
298 302
298 314
298 362
298 426
298 476
298 499
298 567
298 588
298 603
298 752
298 784
298 810
298 869
298 911
299 303
299 315
299 363
299 427
299 477
299 498
299 566
299 589
299 602
299 753
299 785
299 811
299 868
299 910
300 301
300 302
300 316
300 364
300 428
300 474
300 501
300 561
300 586
300 605
300 758
300 790
300 812
300 867
300 905
301 303
301 317
301 365
301 429
301 475
301 500
301 560
301 587
301 604
301 759
301 791
301 813
301 866
301 904
302 303
302 318
302 366
302 430
302 472
302 503
302 563
302 584
302 607
302 756
302 788
302 814
302 865
302 907
303 319
303 367
303 431
303 473
303 502
303 562
303 585
303 606
303 757
303 789
303 815
303 864
303 906
304 305
304 306
304 308
304 312
304 368
304 432
304 454
304 489
304 557
304 577
304 598
304 746
304 778
304 816
304 895
304 917
305 307
305 309
305 313
305 369
305 433
305 455
305 488
305 556
305 576
305 599
305 747
305 779
305 817
305 894
305 916
306 307
306 310
306 314
306 370
306 434
306 452
306 491
306 559
306 579
306 596
306 744
306 776
306 818
306 893
306 919
307 311
307 315
307 371
307 435
307 453
307 490
307 558
307 578
307 597
307 745
307 777
307 819
307 892
307 918
308 309
308 310
308 316
308 372
308 436
308 450
308 493
308 553
308 581
308 594
308 750
308 782
308 820
308 891
308 913
309 311
309 317
309 373
309 437
309 451
309 492
309 552
309 580
309 595
309 751
309 783
309 821
309 890
309 912
310 311
310 318
310 374
310 438
310 448
310 495
310 555
310 583
310 592
310 748
310 780
310 822
310 889
310 915
311 319
311 375
311 439
311 449
311 494
311 554
311 582
311 593
311 749
311 781
311 823
311 888
311 914
312 313
312 314
312 316
312 376
312 440
312 462
312 481
312 549
312 585
312 606
312 738
312 770
312 824
312 887
312 925
313 315
313 317
313 377
313 441
313 463
313 480
313 548
313 584
313 607
313 739
313 771
313 825
313 886
313 924
314 315
314 318
314 378
314 442
314 460
314 483
314 551
314 587
314 604
314 736
314 768
314 826
314 885
314 927
315 319
315 379
315 443
315 461
315 482
315 550
315 586
315 605
315 737
315 769
315 827
315 884
315 926
316 317
316 318
316 380
316 444
316 458
316 485
316 545
316 589
316 602
316 742
316 774
316 828
316 883
316 921
317 319
317 381
317 445
317 459
317 484
317 544
317 588
317 603
317 743
317 775
317 829
317 882
317 920
318 319
318 382
318 446
318 456
318 487
318 547
318 591
318 600
318 740
318 772
318 830
318 881
318 923
319 383
319 447
319 457
319 486
319 546
319 590
319 601
319 741
319 773
319 831
319 880
319 922
320 321
320 322
320 324
320 328
320 336
320 352
320 409
320 438
320 448
320 550
320 561
320 605
320 666
320 783
320 832
320 890
320 997
321 323
321 325
321 329
321 337
321 353
321 408
321 439
321 449
321 551
321 560
321 604
321 667
321 782
321 833
321 891
321 996
322 323
322 326
322 330
322 338
322 354
322 411
322 436
322 450
322 548
322 563
322 607
322 664
322 781
322 834
322 888
322 999
323 327
323 331
323 339
323 355
323 410
323 437
323 451
323 549
323 562
323 606
323 665
323 780
323 835
323 889
323 998
324 325
324 326
324 332
324 340
324 356
324 413
324 434
324 452
324 546
324 565
324 601
324 670
324 779
324 836
324 894
324 993
325 327
325 333
325 341
325 357
325 412
325 435
325 453
325 547
325 564
325 600
325 671
325 778
325 837
325 895
325 992
326 327
326 334
326 342
326 358
326 415
326 432
326 454
326 544
326 567
326 603
326 668
326 777
326 838
326 892
326 995
327 335
327 343
327 359
327 414
327 433
327 455
327 545
327 566
327 602
327 669
327 776
327 839
327 893
327 994
328 329
328 330
328 332
328 344
328 360
328 401
328 446
328 456
328 558
328 569
328 597
328 658
328 775
328 840
328 882
328 1005
329 331
329 333
329 345
329 361
329 400
329 447
329 457
329 559
329 568
329 596
329 659
329 774
329 841
329 883
329 1004
330 331
330 334
330 346
330 362
330 403
330 444
330 458
330 556
330 571
330 599
330 656
330 773
330 842
330 880
330 1007
331 335
331 347
331 363
331 402
331 445
331 459
331 557
331 570
331 598
331 657
331 772
331 843
331 881
331 1006
332 333
332 334
332 348
332 364
332 405
332 442
332 460
332 554
332 573
332 593
332 662
332 771
332 844
332 886
332 1001
333 335
333 349
333 365
333 404
333 443
333 461
333 555
333 572
333 592
333 663
333 770
333 845
333 887
333 1000
334 335
334 350
334 366
334 407
334 440
334 462
334 552
334 575
334 595
334 660
334 769
334 846
334 884
334 1003
335 351
335 367
335 406
335 441
335 463
335 553
335 574
335 594
335 661
335 768
335 847
335 885
335 1002
336 337
336 338
336 340
336 344
336 368
336 393
336 422
336 464
336 545
336 566
336 589
336 650
336 799
336 848
336 874
336 1013
337 339
337 341
337 345
337 369
337 392
337 423
337 465
337 544
337 567
337 588
337 651
337 798
337 849
337 875
337 1012
338 339
338 342
338 346
338 370
338 395
338 420
338 466
338 547
338 564
338 591
338 648
338 797
338 850
338 872
338 1015
339 343
339 347
339 371
339 394
339 421
339 467
339 546
339 565
339 590
339 649
339 796
339 851
339 873
339 1014
340 341
340 342
340 348
340 372
340 397
340 418
340 468
340 549
340 562
340 585
340 654
340 795
340 852
340 878
340 1009
341 343
341 349
341 373
341 396
341 419
341 469
341 548
341 563
341 584
341 655
341 794
341 853
341 879
341 1008
342 343
342 350
342 374
342 399
342 416
342 470
342 551
342 560
342 587
342 652
342 793
342 854
342 876
342 1011
343 351
343 375
343 398
343 417
343 471
343 550
343 561
343 586
343 653
343 792
343 855
343 877
343 1010
344 345
344 346
344 348
344 376
344 385
344 430
344 472
344 553
344 574
344 581
344 642
344 791
344 856
344 866
344 1021
345 347
345 349
345 377
345 384
345 431
345 473
345 552
345 575
345 580
345 643
345 790
345 857
345 867
345 1020
346 347
346 350
346 378
346 387
346 428
346 474
346 555
346 572
346 583
346 640
346 789
346 858
346 864
346 1023
347 351
347 379
347 386
347 429
347 475
347 554
347 573
347 582
347 641
347 788
347 859
347 865
347 1022
348 349
348 350
348 380
348 389
348 426
348 476
348 557
348 570
348 577
348 646
348 787
348 860
348 870
348 1017
349 351
349 381
349 388
349 427
349 477
349 556
349 571
349 576
349 647
349 786
349 861
349 871
349 1016
350 351
350 382
350 391
350 424
350 478
350 559
350 568
350 579
350 644
350 785
350 862
350 868
350 1019
351 383
351 390
351 425
351 479
351 558
351 569
351 578
351 645
351 784
351 863
351 869
351 1018
352 353
352 354
352 356
352 360
352 368
352 406
352 441
352 480
352 518
352 529
352 637
352 698
352 815
352 858
352 864
352 965
353 355
353 357
353 361
353 369
353 407
353 440
353 481
353 519
353 528
353 636
353 699
353 814
353 859
353 865
353 964
354 355
354 358
354 362
354 370
354 404
354 443
354 482
354 516
354 531
354 639
354 696
354 813
354 856
354 866
354 967
355 359
355 363
355 371
355 405
355 442
355 483
355 517
355 530
355 638
355 697
355 812
355 857
355 867
355 966
356 357
356 358
356 364
356 372
356 402
356 445
356 484
356 514
356 533
356 633
356 702
356 811
356 862
356 868
356 961
357 359
357 365
357 373
357 403
357 444
357 485
357 515
357 532
357 632
357 703
357 810
357 863
357 869
357 960
358 359
358 366
358 374
358 400
358 447
358 486
358 512
358 535
358 635
358 700
358 809
358 860
358 870
358 963
359 367
359 375
359 401
359 446
359 487
359 513
359 534
359 634
359 701
359 808
359 861
359 871
359 962
360 361
360 362
360 364
360 376
360 414
360 433
360 488
360 526
360 537
360 629
360 690
360 807
360 850
360 872
360 973
361 363
361 365
361 377
361 415
361 432
361 489
361 527
361 536
361 628
361 691
361 806
361 851
361 873
361 972
362 363
362 366
362 378
362 412
362 435
362 490
362 524
362 539
362 631
362 688
362 805
362 848
362 874
362 975
363 367
363 379
363 413
363 434
363 491
363 525
363 538
363 630
363 689
363 804
363 849
363 875
363 974
364 365
364 366
364 380
364 410
364 437
364 492
364 522
364 541
364 625
364 694
364 803
364 854
364 876
364 969
365 367
365 381
365 411
365 436
365 493
365 523
365 540
365 624
365 695
365 802
365 855
365 877
365 968
366 367
366 382
366 408
366 439
366 494
366 520
366 543
366 627
366 692
366 801
366 852
366 878
366 971
367 383
367 409
367 438
367 495
367 521
367 542
367 626
367 693
367 800
367 853
367 879
367 970
368 369
368 370
368 372
368 376
368 390
368 425
368 496
368 513
368 534
368 621
368 682
368 831
368 842
368 880
368 981
369 371
369 373
369 377
369 391
369 424
369 497
369 512
369 535
369 620
369 683
369 830
369 843
369 881
369 980
370 371
370 374
370 378
370 388
370 427
370 498
370 515
370 532
370 623
370 680
370 829
370 840
370 882
370 983
371 375
371 379
371 389
371 426
371 499
371 514
371 533
371 622
371 681
371 828
371 841
371 883
371 982
372 373
372 374
372 380
372 386
372 429
372 500
372 517
372 530
372 617
372 686
372 827
372 846
372 884
372 977
373 375
373 381
373 387
373 428
373 501
373 516
373 531
373 616
373 687
373 826
373 847
373 885
373 976
374 375
374 382
374 384
374 431
374 502
374 519
374 528
374 619
374 684
374 825
374 844
374 886
374 979
375 383
375 385
375 430
375 503
375 518
375 529
375 618
375 685
375 824
375 845
375 887
375 978
376 377
376 378
376 380
376 398
376 417
376 504
376 521
376 542
376 613
376 674
376 823
376 834
376 888
376 989
377 379
377 381
377 399
377 416
377 505
377 520
377 543
377 612
377 675
377 822
377 835
377 889
377 988
378 379
378 382
378 396
378 419
378 506
378 523
378 540
378 615
378 672
378 821
378 832
378 890
378 991
379 383
379 397
379 418
379 507
379 522
379 541
379 614
379 673
379 820
379 833
379 891
379 990
380 381
380 382
380 394
380 421
380 508
380 525
380 538
380 609
380 678
380 819
380 838
380 892
380 985
381 383
381 395
381 420
381 509
381 524
381 539
381 608
381 679
381 818
381 839
381 893
381 984
382 383
382 392
382 423
382 510
382 527
382 536
382 611
382 676
382 817
382 836
382 894
382 987
383 393
383 422
383 511
383 526
383 537
383 610
383 677
383 816
383 837
383 895
383 986
384 385
384 386
384 388
384 392
384 400
384 416
384 448
384 602
384 669
384 742
384 753
384 805
384 896
384 954
384 975
385 387
385 389
385 393
385 401
385 417
385 449
385 603
385 668
385 743
385 752
385 804
385 897
385 955
385 974
386 387
386 390
386 394
386 402
386 418
386 450
386 600
386 671
386 740
386 755
386 807
386 898
386 952
386 973
387 391
387 395
387 403
387 419
387 451
387 601
387 670
387 741
387 754
387 806
387 899
387 953
387 972
388 389
388 390
388 396
388 404
388 420
388 452
388 606
388 665
388 738
388 757
388 801
388 900
388 958
388 971
389 391
389 397
389 405
389 421
389 453
389 607
389 664
389 739
389 756
389 800
389 901
389 959
389 970
390 391
390 398
390 406
390 422
390 454
390 604
390 667
390 736
390 759
390 803
390 902
390 956
390 969
391 399
391 407
391 423
391 455
391 605
391 666
391 737
391 758
391 802
391 903
391 957
391 968
392 393
392 394
392 396
392 408
392 424
392 456
392 594
392 661
392 750
392 761
392 813
392 904
392 946
392 967
393 395
393 397
393 409
393 425
393 457
393 595
393 660
393 751
393 760
393 812
393 905
393 947
393 966
394 395
394 398
394 410
394 426
394 458
394 592
394 663
394 748
394 763
394 815
394 906
394 944
394 965
395 399
395 411
395 427
395 459
395 593
395 662
395 749
395 762
395 814
395 907
395 945
395 964
396 397
396 398
396 412
396 428
396 460
396 598
396 657
396 746
396 765
396 809
396 908
396 950
396 963
397 399
397 413
397 429
397 461
397 599
397 656
397 747
397 764
397 808
397 909
397 951
397 962
398 399
398 414
398 430
398 462
398 596
398 659
398 744
398 767
398 811
398 910
398 948
398 961
399 415
399 431
399 463
399 597
399 658
399 745
399 766
399 810
399 911
399 949
399 960
400 401
400 402
400 404
400 408
400 432
400 464
400 586
400 653
400 737
400 758
400 821
400 912
400 938
400 991
401 403
401 405
401 409
401 433
401 465
401 587
401 652
401 736
401 759
401 820
401 913
401 939
401 990
402 403
402 406
402 410
402 434
402 466
402 584
402 655
402 739
402 756
402 823
402 914
402 936
402 989
403 407
403 411
403 435
403 467
403 585
403 654
403 738
403 757
403 822
403 915
403 937
403 988
404 405
404 406
404 412
404 436
404 468
404 590
404 649
404 741
404 754
404 817
404 916
404 942
404 987
405 407
405 413
405 437
405 469
405 591
405 648
405 740
405 755
405 816
405 917
405 943
405 986
406 407
406 414
406 438
406 470
406 588
406 651
406 743
406 752
406 819
406 918
406 940
406 985
407 415
407 439
407 471
407 589
407 650
407 742
407 753
407 818
407 919
407 941
407 984
408 409
408 410
408 412
408 440
408 472
408 578
408 645
408 745
408 766
408 829
408 920
408 930
408 983
409 411
409 413
409 441
409 473
409 579
409 644
409 744
409 767
409 828
409 921
409 931
409 982
410 411
410 414
410 442
410 474
410 576
410 647
410 747
410 764
410 831
410 922
410 928
410 981
411 415
411 443
411 475
411 577
411 646
411 746
411 765
411 830
411 923
411 929
411 980
412 413
412 414
412 444
412 476
412 582
412 641
412 749
412 762
412 825
412 924
412 934
412 979
413 415
413 445
413 477
413 583
413 640
413 748
413 763
413 824
413 925
413 935
413 978
414 415
414 446
414 478
414 580
414 643
414 751
414 760
414 827
414 926
414 932
414 977
415 447
415 479
415 581
415 642
415 750
415 761
415 826
415 927
415 933
415 976
416 417
416 418
416 420
416 424
416 432
416 480
416 634
416 701
416 710
416 721
416 773
416 922
416 928
416 1007
417 419
417 421
417 425
417 433
417 481
417 635
417 700
417 711
417 720
417 772
417 923
417 929
417 1006
418 419
418 422
418 426
418 434
418 482
418 632
418 703
418 708
418 723
418 775
418 920
418 930
418 1005
419 423
419 427
419 435
419 483
419 633
419 702
419 709
419 722
419 774
419 921
419 931
419 1004
420 421
420 422
420 428
420 436
420 484
420 638
420 697
420 706
420 725
420 769
420 926
420 932
420 1003
421 423
421 429
421 437
421 485
421 639
421 696
421 707
421 724
421 768
421 927
421 933
421 1002
422 423
422 430
422 438
422 486
422 636
422 699
422 704
422 727
422 771
422 924
422 934
422 1001
423 431
423 439
423 487
423 637
423 698
423 705
423 726
423 770
423 925
423 935
423 1000
424 425
424 426
424 428
424 440
424 488
424 626
424 693
424 718
424 729
424 781
424 914
424 936
424 999
425 427
425 429
425 441
425 489
425 627
425 692
425 719
425 728
425 780
425 915
425 937
425 998
426 427
426 430
426 442
426 490
426 624
426 695
426 716
426 731
426 783
426 912
426 938
426 997
427 431
427 443
427 491
427 625
427 694
427 717
427 730
427 782
427 913
427 939
427 996
428 429
428 430
428 444
428 492
428 630
428 689
428 714
428 733
428 777
428 918
428 940
428 995
429 431
429 445
429 493
429 631
429 688
429 715
429 732
429 776
429 919
429 941
429 994
430 431
430 446
430 494
430 628
430 691
430 712
430 735
430 779
430 916
430 942
430 993
431 447
431 495
431 629
431 690
431 713
431 734
431 778
431 917
431 943
431 992
432 433
432 434
432 436
432 440
432 496
432 618
432 685
432 705
432 726
432 789
432 906
432 944
432 1023
433 435
433 437
433 441
433 497
433 619
433 684
433 704
433 727
433 788
433 907
433 945
433 1022
434 435
434 438
434 442
434 498
434 616
434 687
434 707
434 724
434 791
434 904
434 946
434 1021
435 439
435 443
435 499
435 617
435 686
435 706
435 725
435 790
435 905
435 947
435 1020
436 437
436 438
436 444
436 500
436 622
436 681
436 709
436 722
436 785
436 910
436 948
436 1019
437 439
437 445
437 501
437 623
437 680
437 708
437 723
437 784
437 911
437 949
437 1018
438 439
438 446
438 502
438 620
438 683
438 711
438 720
438 787
438 908
438 950
438 1017
439 447
439 503
439 621
439 682
439 710
439 721
439 786
439 909
439 951
439 1016
440 441
440 442
440 444
440 504
440 610
440 677
440 713
440 734
440 797
440 898
440 952
440 1015
441 443
441 445
441 505
441 611
441 676
441 712
441 735
441 796
441 899
441 953
441 1014
442 443
442 446
442 506
442 608
442 679
442 715
442 732
442 799
442 896
442 954
442 1013
443 447
443 507
443 609
443 678
443 714
443 733
443 798
443 897
443 955
443 1012
444 445
444 446
444 508
444 614
444 673
444 717
444 730
444 793
444 902
444 956
444 1011
445 447
445 509
445 615
445 672
445 716
445 731
445 792
445 903
445 957
445 1010
446 447
446 510
446 612
446 675
446 719
446 728
446 795
446 900
446 958
446 1009
447 511
447 613
447 674
447 718
447 729
447 794
447 901
447 959
447 1008
448 449
448 450
448 452
448 456
448 464
448 480
448 538
448 678
448 689
448 733
448 869
448 911
448 960
448 1018
449 451
449 453
449 457
449 465
449 481
449 539
449 679
449 688
449 732
449 868
449 910
449 961
449 1019
450 451
450 454
450 458
450 466
450 482
450 536
450 676
450 691
450 735
450 871
450 909
450 962
450 1016
451 455
451 459
451 467
451 483
451 537
451 677
451 690
451 734
451 870
451 908
451 963
451 1017
452 453
452 454
452 460
452 468
452 484
452 542
452 674
452 693
452 729
452 865
452 907
452 964
452 1022
453 455
453 461
453 469
453 485
453 543
453 675
453 692
453 728
453 864
453 906
453 965
453 1023
454 455
454 462
454 470
454 486
454 540
454 672
454 695
454 731
454 867
454 905
454 966
454 1020
455 463
455 471
455 487
455 541
455 673
455 694
455 730
455 866
455 904
455 967
455 1021
456 457
456 458
456 460
456 472
456 488
456 530
456 686
456 697
456 725
456 877
456 903
456 968
456 1010
457 459
457 461
457 473
457 489
457 531
457 687
457 696
457 724
457 876
457 902
457 969
457 1011
458 459
458 462
458 474
458 490
458 528
458 684
458 699
458 727
458 879
458 901
458 970
458 1008
459 463
459 475
459 491
459 529
459 685
459 698
459 726
459 878
459 900
459 971
459 1009
460 461
460 462
460 476
460 492
460 534
460 682
460 701
460 721
460 873
460 899
460 972
460 1014
461 463
461 477
461 493
461 535
461 683
461 700
461 720
461 872
461 898
461 973
461 1015
462 463
462 478
462 494
462 532
462 680
462 703
462 723
462 875
462 897
462 974
462 1012
463 479
463 495
463 533
463 681
463 702
463 722
463 874
463 896
463 975
463 1013
464 465
464 466
464 468
464 472
464 496
464 522
464 673
464 694
464 717
464 885
464 927
464 976
464 1002
465 467
465 469
465 473
465 497
465 523
465 672
465 695
465 716
465 884
465 926
465 977
465 1003
466 467
466 470
466 474
466 498
466 520
466 675
466 692
466 719
466 887
466 925
466 978
466 1000
467 471
467 475
467 499
467 521
467 674
467 693
467 718
467 886
467 924
467 979
467 1001
468 469
468 470
468 476
468 500
468 526
468 677
468 690
468 713
468 881
468 923
468 980
468 1006
469 471
469 477
469 501
469 527
469 676
469 691
469 712
469 880
469 922
469 981
469 1007
470 471
470 478
470 502
470 524
470 679
470 688
470 715
470 883
470 921
470 982
470 1004
471 479
471 503
471 525
471 678
471 689
471 714
471 882
471 920
471 983
471 1005
472 473
472 474
472 476
472 504
472 514
472 681
472 702
472 709
472 893
472 919
472 984
472 994
473 475
473 477
473 505
473 515
473 680
473 703
473 708
473 892
473 918
473 985
473 995
474 475
474 478
474 506
474 512
474 683
474 700
474 711
474 895
474 917
474 986
474 992
475 479
475 507
475 513
475 682
475 701
475 710
475 894
475 916
475 987
475 993
476 477
476 478
476 508
476 518
476 685
476 698
476 705
476 889
476 915
476 988
476 998
477 479
477 509
477 519
477 684
477 699
477 704
477 888
477 914
477 989
477 999
478 479
478 510
478 516
478 687
478 696
478 707
478 891
478 913
478 990
478 996
479 511
479 517
479 686
479 697
479 706
479 890
479 912
479 991
479 997
480 481
480 482
480 484
480 488
480 496
480 570
480 646
480 657
480 765
480 837
480 943
480 986
480 992
481 483
481 485
481 489
481 497
481 571
481 647
481 656
481 764
481 836
481 942
481 987
481 993
482 483
482 486
482 490
482 498
482 568
482 644
482 659
482 767
482 839
482 941
482 984
482 994
483 487
483 491
483 499
483 569
483 645
483 658
483 766
483 838
483 940
483 985
483 995
484 485
484 486
484 492
484 500
484 574
484 642
484 661
484 761
484 833
484 939
484 990
484 996
485 487
485 493
485 501
485 575
485 643
485 660
485 760
485 832
485 938
485 991
485 997
486 487
486 494
486 502
486 572
486 640
486 663
486 763
486 835
486 937
486 988
486 998
487 495
487 503
487 573
487 641
487 662
487 762
487 834
487 936
487 989
487 999
488 489
488 490
488 492
488 504
488 562
488 654
488 665
488 757
488 845
488 935
488 978
488 1000
489 491
489 493
489 505
489 563
489 655
489 664
489 756
489 844
489 934
489 979
489 1001
490 491
490 494
490 506
490 560
490 652
490 667
490 759
490 847
490 933
490 976
490 1002
491 495
491 507
491 561
491 653
491 666
491 758
491 846
491 932
491 977
491 1003
492 493
492 494
492 508
492 566
492 650
492 669
492 753
492 841
492 931
492 982
492 1004
493 495
493 509
493 567
493 651
493 668
493 752
493 840
493 930
493 983
493 1005
494 495
494 510
494 564
494 648
494 671
494 755
494 843
494 929
494 980
494 1006
495 511
495 565
495 649
495 670
495 754
495 842
495 928
495 981
495 1007
496 497
496 498
496 500
496 504
496 554
496 641
496 662
496 749
496 853
496 959
496 970
496 1008
497 499
497 501
497 505
497 555
497 640
497 663
497 748
497 852
497 958
497 971
497 1009
498 499
498 502
498 506
498 552
498 643
498 660
498 751
498 855
498 957
498 968
498 1010
499 503
499 507
499 553
499 642
499 661
499 750
499 854
499 956
499 969
499 1011
500 501
500 502
500 508
500 558
500 645
500 658
500 745
500 849
500 955
500 974
500 1012
501 503
501 509
501 559
501 644
501 659
501 744
501 848
501 954
501 975
501 1013
502 503
502 510
502 556
502 647
502 656
502 747
502 851
502 953
502 972
502 1014
503 511
503 557
503 646
503 657
503 746
503 850
503 952
503 973
503 1015
504 505
504 506
504 508
504 546
504 649
504 670
504 741
504 861
504 951
504 962
504 1016
505 507
505 509
505 547
505 648
505 671
505 740
505 860
505 950
505 963
505 1017
506 507
506 510
506 544
506 651
506 668
506 743
506 863
506 949
506 960
506 1018
507 511
507 545
507 650
507 669
507 742
507 862
507 948
507 961
507 1019
508 509
508 510
508 550
508 653
508 666
508 737
508 857
508 947
508 966
508 1020
509 511
509 551
509 652
509 667
509 736
509 856
509 946
509 967
509 1021
510 511
510 548
510 655
510 664
510 739
510 859
510 945
510 964
510 1022
511 549
511 654
511 665
511 738
511 858
511 944
511 965
511 1023
512 513
512 514
512 516
512 520
512 528
512 544
512 576
512 640
512 729
512 758
512 768
512 910
512 947
512 1005
513 515
513 517
513 521
513 529
513 545
513 577
513 641
513 728
513 759
513 769
513 911
513 946
513 1004
514 515
514 518
514 522
514 530
514 546
514 578
514 642
514 731
514 756
514 770
514 908
514 945
514 1007
515 519
515 523
515 531
515 547
515 579
515 643
515 730
515 757
515 771
515 909
515 944
515 1006
516 517
516 518
516 524
516 532
516 548
516 580
516 644
516 733
516 754
516 772
516 906
516 951
516 1001
517 519
517 525
517 533
517 549
517 581
517 645
517 732
517 755
517 773
517 907
517 950
517 1000
518 519
518 526
518 534
518 550
518 582
518 646
518 735
518 752
518 774
518 904
518 949
518 1003
519 527
519 535
519 551
519 583
519 647
519 734
519 753
519 775
519 905
519 948
519 1002
520 521
520 522
520 524
520 536
520 552
520 584
520 648
520 721
520 766
520 776
520 902
520 955
520 997
521 523
521 525
521 537
521 553
521 585
521 649
521 720
521 767
521 777
521 903
521 954
521 996
522 523
522 526
522 538
522 554
522 586
522 650
522 723
522 764
522 778
522 900
522 953
522 999
523 527
523 539
523 555
523 587
523 651
523 722
523 765
523 779
523 901
523 952
523 998
524 525
524 526
524 540
524 556
524 588
524 652
524 725
524 762
524 780
524 898
524 959
524 993
525 527
525 541
525 557
525 589
525 653
525 724
525 763
525 781
525 899
525 958
525 992
526 527
526 542
526 558
526 590
526 654
526 727
526 760
526 782
526 896
526 957
526 995
527 543
527 559
527 591
527 655
527 726
527 761
527 783
527 897
527 956
527 994
528 529
528 530
528 532
528 536
528 560
528 592
528 656
528 713
528 742
528 784
528 926
528 931
528 1021
529 531
529 533
529 537
529 561
529 593
529 657
529 712
529 743
529 785
529 927
529 930
529 1020
530 531
530 534
530 538
530 562
530 594
530 658
530 715
530 740
530 786
530 924
530 929
530 1023
531 535
531 539
531 563
531 595
531 659
531 714
531 741
531 787
531 925
531 928
531 1022
532 533
532 534
532 540
532 564
532 596
532 660
532 717
532 738
532 788
532 922
532 935
532 1017
533 535
533 541
533 565
533 597
533 661
533 716
533 739
533 789
533 923
533 934
533 1016
534 535
534 542
534 566
534 598
534 662
534 719
534 736
534 790
534 920
534 933
534 1019
535 543
535 567
535 599
535 663
535 718
535 737
535 791
535 921
535 932
535 1018
536 537
536 538
536 540
536 568
536 600
536 664
536 705
536 750
536 792
536 918
536 939
536 1013
537 539
537 541
537 569
537 601
537 665
537 704
537 751
537 793
537 919
537 938
537 1012
538 539
538 542
538 570
538 602
538 666
538 707
538 748
538 794
538 916
538 937
538 1015
539 543
539 571
539 603
539 667
539 706
539 749
539 795
539 917
539 936
539 1014
540 541
540 542
540 572
540 604
540 668
540 709
540 746
540 796
540 914
540 943
540 1009
541 543
541 573
541 605
541 669
541 708
541 747
541 797
541 915
541 942
541 1008
542 543
542 574
542 606
542 670
542 711
542 744
542 798
542 912
542 941
542 1011
543 575
543 607
543 671
543 710
543 745
543 799
543 913
543 940
543 1010
544 545
544 546
544 548
544 552
544 560
544 608
544 672
544 726
544 761
544 800
544 915
544 942
544 973
545 547
545 549
545 553
545 561
545 609
545 673
545 727
545 760
545 801
545 914
545 943
545 972
546 547
546 550
546 554
546 562
546 610
546 674
546 724
546 763
546 802
546 913
546 940
546 975
547 551
547 555
547 563
547 611
547 675
547 725
547 762
547 803
547 912
547 941
547 974
548 549
548 550
548 556
548 564
548 612
548 676
548 722
548 765
548 804
548 919
548 938
548 969
549 551
549 557
549 565
549 613
549 677
549 723
549 764
549 805
549 918
549 939
549 968
550 551
550 558
550 566
550 614
550 678
550 720
550 767
550 806
550 917
550 936
550 971
551 559
551 567
551 615
551 679
551 721
551 766
551 807
551 916
551 937
551 970
552 553
552 554
552 556
552 568
552 616
552 680
552 734
552 753
552 808
552 923
552 934
552 965
553 555
553 557
553 569
553 617
553 681
553 735
553 752
553 809
553 922
553 935
553 964
554 555
554 558
554 570
554 618
554 682
554 732
554 755
554 810
554 921
554 932
554 967
555 559
555 571
555 619
555 683
555 733
555 754
555 811
555 920
555 933
555 966
556 557
556 558
556 572
556 620
556 684
556 730
556 757
556 812
556 927
556 930
556 961
557 559
557 573
557 621
557 685
557 731
557 756
557 813
557 926
557 931
557 960
558 559
558 574
558 622
558 686
558 728
558 759
558 814
558 925
558 928
558 963
559 575
559 623
559 687
559 729
559 758
559 815
559 924
559 929
559 962
560 561
560 562
560 564
560 568
560 624
560 688
560 710
560 745
560 816
560 899
560 958
560 989
561 563
561 565
561 569
561 625
561 689
561 711
561 744
561 817
561 898
561 959
561 988
562 563
562 566
562 570
562 626
562 690
562 708
562 747
562 818
562 897
562 956
562 991
563 567
563 571
563 627
563 691
563 709
563 746
563 819
563 896
563 957
563 990
564 565
564 566
564 572
564 628
564 692
564 706
564 749
564 820
564 903
564 954
564 985
565 567
565 573
565 629
565 693
565 707
565 748
565 821
565 902
565 955
565 984
566 567
566 574
566 630
566 694
566 704
566 751
566 822
566 901
566 952
566 987
567 575
567 631
567 695
567 705
567 750
567 823
567 900
567 953
567 986
568 569
568 570
568 572
568 632
568 696
568 718
568 737
568 824
568 907
568 950
568 981
569 571
569 573
569 633
569 697
569 719
569 736
569 825
569 906
569 951
569 980
570 571
570 574
570 634
570 698
570 716
570 739
570 826
570 905
570 948
570 983
571 575
571 635
571 699
571 717
571 738
571 827
571 904
571 949
571 982
572 573
572 574
572 636
572 700
572 714
572 741
572 828
572 911
572 946
572 977
573 575
573 637
573 701
573 715
573 740
573 829
573 910
573 947
573 976
574 575
574 638
574 702
574 712
574 743
574 830
574 909
574 944
574 979
575 639
575 703
575 713
575 742
575 831
575 908
575 945
575 978
576 577
576 578
576 580
576 584
576 592
576 608
576 665
576 694
576 704
576 832
576 941
576 974
576 1011
577 579
577 581
577 585
577 593
577 609
577 664
577 695
577 705
577 833
577 940
577 975
577 1010
578 579
578 582
578 586
578 594
578 610
578 667
578 692
578 706
578 834
578 943
578 972
578 1009
579 583
579 587
579 595
579 611
579 666
579 693
579 707
579 835
579 942
579 973
579 1008
580 581
580 582
580 588
580 596
580 612
580 669
580 690
580 708
580 836
580 937
580 970
580 1015
581 583
581 589
581 597
581 613
581 668
581 691
581 709
581 837
581 936
581 971
581 1014
582 583
582 590
582 598
582 614
582 671
582 688
582 710
582 838
582 939
582 968
582 1013
583 591
583 599
583 615
583 670
583 689
583 711
583 839
583 938
583 969
583 1012
584 585
584 586
584 588
584 600
584 616
584 657
584 702
584 712
584 840
584 933
584 966
584 1019
585 587
585 589
585 601
585 617
585 656
585 703
585 713
585 841
585 932
585 967
585 1018
586 587
586 590
586 602
586 618
586 659
586 700
586 714
586 842
586 935
586 964
586 1017
587 591
587 603
587 619
587 658
587 701
587 715
587 843
587 934
587 965
587 1016
588 589
588 590
588 604
588 620
588 661
588 698
588 716
588 844
588 929
588 962
588 1023
589 591
589 605
589 621
589 660
589 699
589 717
589 845
589 928
589 963
589 1022
590 591
590 606
590 622
590 663
590 696
590 718
590 846
590 931
590 960
590 1021
591 607
591 623
591 662
591 697
591 719
591 847
591 930
591 961
591 1020
592 593
592 594
592 596
592 600
592 624
592 649
592 678
592 720
592 848
592 957
592 990
592 995
593 595
593 597
593 601
593 625
593 648
593 679
593 721
593 849
593 956
593 991
593 994
594 595
594 598
594 602
594 626
594 651
594 676
594 722
594 850
594 959
594 988
594 993
595 599
595 603
595 627
595 650
595 677
595 723
595 851
595 958
595 989
595 992
596 597
596 598
596 604
596 628
596 653
596 674
596 724
596 852
596 953
596 986
596 999
597 599
597 605
597 629
597 652
597 675
597 725
597 853
597 952
597 987
597 998
598 599
598 606
598 630
598 655
598 672
598 726
598 854
598 955
598 984
598 997
599 607
599 631
599 654
599 673
599 727
599 855
599 954
599 985
599 996
600 601
600 602
600 604
600 632
600 641
600 686
600 728
600 856
600 949
600 982
600 1003
601 603
601 605
601 633
601 640
601 687
601 729
601 857
601 948
601 983
601 1002
602 603
602 606
602 634
602 643
602 684
602 730
602 858
602 951
602 980
602 1001
603 607
603 635
603 642
603 685
603 731
603 859
603 950
603 981
603 1000
604 605
604 606
604 636
604 645
604 682
604 732
604 860
604 945
604 978
604 1007
605 607
605 637
605 644
605 683
605 733
605 861
605 944
605 979
605 1006
606 607
606 638
606 647
606 680
606 734
606 862
606 947
606 976
606 1005
607 639
607 646
607 681
607 735
607 863
607 946
607 977
607 1004
608 609
608 610
608 612
608 616
608 624
608 662
608 697
608 736
608 864
608 909
608 979
608 1006
609 611
609 613
609 617
609 625
609 663
609 696
609 737
609 865
609 908
609 978
609 1007
610 611
610 614
610 618
610 626
610 660
610 699
610 738
610 866
610 911
610 977
610 1004
611 615
611 619
611 627
611 661
611 698
611 739
611 867
611 910
611 976
611 1005
612 613
612 614
612 620
612 628
612 658
612 701
612 740
612 868
612 905
612 983
612 1002
613 615
613 621
613 629
613 659
613 700
613 741
613 869
613 904
613 982
613 1003
614 615
614 622
614 630
614 656
614 703
614 742
614 870
614 907
614 981
614 1000
615 623
615 631
615 657
615 702
615 743
615 871
615 906
615 980
615 1001
616 617
616 618
616 620
616 632
616 670
616 689
616 744
616 872
616 901
616 987
616 998
617 619
617 621
617 633
617 671
617 688
617 745
617 873
617 900
617 986
617 999
618 619
618 622
618 634
618 668
618 691
618 746
618 874
618 903
618 985
618 996
619 623
619 635
619 669
619 690
619 747
619 875
619 902
619 984
619 997
620 621
620 622
620 636
620 666
620 693
620 748
620 876
620 897
620 991
620 994
621 623
621 637
621 667
621 692
621 749
621 877
621 896
621 990
621 995
622 623
622 638
622 664
622 695
622 750
622 878
622 899
622 989
622 992
623 639
623 665
623 694
623 751
623 879
623 898
623 988
623 993
624 625
624 626
624 628
624 632
624 646
624 681
624 752
624 880
624 925
624 963
624 1022
625 627
625 629
625 633
625 647
625 680
625 753
625 881
625 924
625 962
625 1023
626 627
626 630
626 634
626 644
626 683
626 754
626 882
626 927
626 961
626 1020
627 631
627 635
627 645
627 682
627 755
627 883
627 926
627 960
627 1021
628 629
628 630
628 636
628 642
628 685
628 756
628 884
628 921
628 967
628 1018
629 631
629 637
629 643
629 684
629 757
629 885
629 920
629 966
629 1019
630 631
630 638
630 640
630 687
630 758
630 886
630 923
630 965
630 1016
631 639
631 641
631 686
631 759
631 887
631 922
631 964
631 1017
632 633
632 634
632 636
632 654
632 673
632 760
632 888
632 917
632 971
632 1014
633 635
633 637
633 655
633 672
633 761
633 889
633 916
633 970
633 1015
634 635
634 638
634 652
634 675
634 762
634 890
634 919
634 969
634 1012
635 639
635 653
635 674
635 763
635 891
635 918
635 968
635 1013
636 637
636 638
636 650
636 677
636 764
636 892
636 913
636 975
636 1010
637 639
637 651
637 676
637 765
637 893
637 912
637 974
637 1011
638 639
638 648
638 679
638 766
638 894
638 915
638 973
638 1008
639 649
639 678
639 767
639 895
639 914
639 972
639 1009
640 641
640 642
640 644
640 648
640 656
640 672
640 704
640 782
640 819
640 877
640 896
641 643
641 645
641 649
641 657
641 673
641 705
641 783
641 818
641 876
641 897
642 643
642 646
642 650
642 658
642 674
642 706
642 780
642 817
642 879
642 898
643 647
643 651
643 659
643 675
643 707
643 781
643 816
643 878
643 899
644 645
644 646
644 652
644 660
644 676
644 708
644 778
644 823
644 873
644 900
645 647
645 653
645 661
645 677
645 709
645 779
645 822
645 872
645 901
646 647
646 654
646 662
646 678
646 710
646 776
646 821
646 875
646 902
647 655
647 663
647 679
647 711
647 777
647 820
647 874
647 903
648 649
648 650
648 652
648 664
648 680
648 712
648 774
648 827
648 869
648 904
649 651
649 653
649 665
649 681
649 713
649 775
649 826
649 868
649 905
650 651
650 654
650 666
650 682
650 714
650 772
650 825
650 871
650 906
651 655
651 667
651 683
651 715
651 773
651 824
651 870
651 907
652 653
652 654
652 668
652 684
652 716
652 770
652 831
652 865
652 908
653 655
653 669
653 685
653 717
653 771
653 830
653 864
653 909
654 655
654 670
654 686
654 718
654 768
654 829
654 867
654 910
655 671
655 687
655 719
655 769
655 828
655 866
655 911
656 657
656 658
656 660
656 664
656 688
656 720
656 798
656 803
656 893
656 912
657 659
657 661
657 665
657 689
657 721
657 799
657 802
657 892
657 913
658 659
658 662
658 666
658 690
658 722
658 796
658 801
658 895
658 914
659 663
659 667
659 691
659 723
659 797
659 800
659 894
659 915
660 661
660 662
660 668
660 692
660 724
660 794
660 807
660 889
660 916
661 663
661 669
661 693
661 725
661 795
661 806
661 888
661 917
662 663
662 670
662 694
662 726
662 792
662 805
662 891
662 918
663 671
663 695
663 727
663 793
663 804
663 890
663 919
664 665
664 666
664 668
664 696
664 728
664 790
664 811
664 885
664 920
665 667
665 669
665 697
665 729
665 791
665 810
665 884
665 921
666 667
666 670
666 698
666 730
666 788
666 809
666 887
666 922
667 671
667 699
667 731
667 789
667 808
667 886
667 923
668 669
668 670
668 700
668 732
668 786
668 815
668 881
668 924
669 671
669 701
669 733
669 787
669 814
669 880
669 925
670 671
670 702
670 734
670 784
670 813
670 883
670 926
671 703
671 735
671 785
671 812
671 882
671 927
672 673
672 674
672 676
672 680
672 688
672 736
672 787
672 814
672 845
672 928
673 675
673 677
673 681
673 689
673 737
673 786
673 815
673 844
673 929
674 675
674 678
674 682
674 690
674 738
674 785
674 812
674 847
674 930
675 679
675 683
675 691
675 739
675 784
675 813
675 846
675 931
676 677
676 678
676 684
676 692
676 740
676 791
676 810
676 841
676 932
677 679
677 685
677 693
677 741
677 790
677 811
677 840
677 933
678 679
678 686
678 694
678 742
678 789
678 808
678 843
678 934
679 687
679 695
679 743
679 788
679 809
679 842
679 935
680 681
680 682
680 684
680 696
680 744
680 795
680 806
680 837
680 936
681 683
681 685
681 697
681 745
681 794
681 807
681 836
681 937
682 683
682 686
682 698
682 746
682 793
682 804
682 839
682 938
683 687
683 699
683 747
683 792
683 805
683 838
683 939
684 685
684 686
684 700
684 748
684 799
684 802
684 833
684 940
685 687
685 701
685 749
685 798
685 803
685 832
685 941
686 687
686 702
686 750
686 797
686 800
686 835
686 942
687 703
687 751
687 796
687 801
687 834
687 943
688 689
688 690
688 692
688 696
688 752
688 771
688 830
688 861
688 944
689 691
689 693
689 697
689 753
689 770
689 831
689 860
689 945
690 691
690 694
690 698
690 754
690 769
690 828
690 863
690 946
691 695
691 699
691 755
691 768
691 829
691 862
691 947
692 693
692 694
692 700
692 756
692 775
692 826
692 857
692 948
693 695
693 701
693 757
693 774
693 827
693 856
693 949
694 695
694 702
694 758
694 773
694 824
694 859
694 950
695 703
695 759
695 772
695 825
695 858
695 951
696 697
696 698
696 700
696 760
696 779
696 822
696 853
696 952
697 699
697 701
697 761
697 778
697 823
697 852
697 953
698 699
698 702
698 762
698 777
698 820
698 855
698 954
699 703
699 763
699 776
699 821
699 854
699 955
700 701
700 702
700 764
700 783
700 818
700 849
700 956
701 703
701 765
701 782
701 819
701 848
701 957
702 703
702 766
702 781
702 816
702 851
702 958
703 767
703 780
703 817
703 850
703 959
704 705
704 706
704 708
704 712
704 720
704 736
704 813
704 846
704 883
704 960
705 707
705 709
705 713
705 721
705 737
705 812
705 847
705 882
705 961
706 707
706 710
706 714
706 722
706 738
706 815
706 844
706 881
706 962
707 711
707 715
707 723
707 739
707 814
707 845
707 880
707 963
708 709
708 710
708 716
708 724
708 740
708 809
708 842
708 887
708 964
709 711
709 717
709 725
709 741
709 808
709 843
709 886
709 965
710 711
710 718
710 726
710 742
710 811
710 840
710 885
710 966
711 719
711 727
711 743
711 810
711 841
711 884
711 967
712 713
712 714
712 716
712 728
712 744
712 805
712 838
712 891
712 968
713 715
713 717
713 729
713 745
713 804
713 839
713 890
713 969
714 715
714 718
714 730
714 746
714 807
714 836
714 889
714 970
715 719
715 731
715 747
715 806
715 837
715 888
715 971
716 717
716 718
716 732
716 748
716 801
716 834
716 895
716 972
717 719
717 733
717 749
717 800
717 835
717 894
717 973
718 719
718 734
718 750
718 803
718 832
718 893
718 974
719 735
719 751
719 802
719 833
719 892
719 975
720 721
720 722
720 724
720 728
720 752
720 829
720 862
720 867
720 976
721 723
721 725
721 729
721 753
721 828
721 863
721 866
721 977
722 723
722 726
722 730
722 754
722 831
722 860
722 865
722 978
723 727
723 731
723 755
723 830
723 861
723 864
723 979
724 725
724 726
724 732
724 756
724 825
724 858
724 871
724 980
725 727
725 733
725 757
725 824
725 859
725 870
725 981
726 727
726 734
726 758
726 827
726 856
726 869
726 982
727 735
727 759
727 826
727 857
727 868
727 983
728 729
728 730
728 732
728 760
728 821
728 854
728 875
728 984
729 731
729 733
729 761
729 820
729 855
729 874
729 985
730 731
730 734
730 762
730 823
730 852
730 873
730 986
731 735
731 763
731 822
731 853
731 872
731 987
732 733
732 734
732 764
732 817
732 850
732 879
732 988
733 735
733 765
733 816
733 851
733 878
733 989
734 735
734 766
734 819
734 848
734 877
734 990
735 767
735 818
735 849
735 876
735 991
736 737
736 738
736 740
736 744
736 752
736 781
736 851
736 878
736 992
737 739
737 741
737 745
737 753
737 780
737 850
737 879
737 993
738 739
738 742
738 746
738 754
738 783
738 849
738 876
738 994
739 743
739 747
739 755
739 782
739 848
739 877
739 995
740 741
740 742
740 748
740 756
740 777
740 855
740 874
740 996
741 743
741 749
741 757
741 776
741 854
741 875
741 997
742 743
742 750
742 758
742 779
742 853
742 872
742 998
743 751
743 759
743 778
743 852
743 873
743 999
744 745
744 746
744 748
744 760
744 773
744 859
744 870
744 1000
745 747
745 749
745 761
745 772
745 858
745 871
745 1001
746 747
746 750
746 762
746 775
746 857
746 868
746 1002
747 751
747 763
747 774
747 856
747 869
747 1003
748 749
748 750
748 764
748 769
748 863
748 866
748 1004
749 751
749 765
749 768
749 862
749 867
749 1005
750 751
750 766
750 771
750 861
750 864
750 1006
751 767
751 770
751 860
751 865
751 1007
752 753
752 754
752 756
752 760
752 797
752 835
752 894
752 1008
753 755
753 757
753 761
753 796
753 834
753 895
753 1009
754 755
754 758
754 762
754 799
754 833
754 892
754 1010
755 759
755 763
755 798
755 832
755 893
755 1011
756 757
756 758
756 764
756 793
756 839
756 890
756 1012
757 759
757 765
757 792
757 838
757 891
757 1013
758 759
758 766
758 795
758 837
758 888
758 1014
759 767
759 794
759 836
759 889
759 1015
760 761
760 762
760 764
760 789
760 843
760 886
760 1016
761 763
761 765
761 788
761 842
761 887
761 1017
762 763
762 766
762 791
762 841
762 884
762 1018
763 767
763 790
763 840
763 885
763 1019
764 765
764 766
764 785
764 847
764 882
764 1020
765 767
765 784
765 846
765 883
765 1021
766 767
766 787
766 845
766 880
766 1022
767 786
767 844
767 881
767 1023
768 769
768 770
768 772
768 776
768 784
768 800
768 832
768 896
768 985
768 1014
769 771
769 773
769 777
769 785
769 801
769 833
769 897
769 984
769 1015
770 771
770 774
770 778
770 786
770 802
770 834
770 898
770 987
770 1012
771 775
771 779
771 787
771 803
771 835
771 899
771 986
771 1013
772 773
772 774
772 780
772 788
772 804
772 836
772 900
772 989
772 1010
773 775
773 781
773 789
773 805
773 837
773 901
773 988
773 1011
774 775
774 782
774 790
774 806
774 838
774 902
774 991
774 1008
775 783
775 791
775 807
775 839
775 903
775 990
775 1009
776 777
776 778
776 780
776 792
776 808
776 840
776 904
776 977
776 1022
777 779
777 781
777 793
777 809
777 841
777 905
777 976
777 1023
778 779
778 782
778 794
778 810
778 842
778 906
778 979
778 1020
779 783
779 795
779 811
779 843
779 907
779 978
779 1021
780 781
780 782
780 796
780 812
780 844
780 908
780 981
780 1018
781 783
781 797
781 813
781 845
781 909
781 980
781 1019
782 783
782 798
782 814
782 846
782 910
782 983
782 1016
783 799
783 815
783 847
783 911
783 982
783 1017
784 785
784 786
784 788
784 792
784 816
784 848
784 912
784 969
784 998
785 787
785 789
785 793
785 817
785 849
785 913
785 968
785 999
786 787
786 790
786 794
786 818
786 850
786 914
786 971
786 996
787 791
787 795
787 819
787 851
787 915
787 970
787 997
788 789
788 790
788 796
788 820
788 852
788 916
788 973
788 994
789 791
789 797
789 821
789 853
789 917
789 972
789 995
790 791
790 798
790 822
790 854
790 918
790 975
790 992
791 799
791 823
791 855
791 919
791 974
791 993
792 793
792 794
792 796
792 824
792 856
792 920
792 961
792 1006
793 795
793 797
793 825
793 857
793 921
793 960
793 1007
794 795
794 798
794 826
794 858
794 922
794 963
794 1004
795 799
795 827
795 859
795 923
795 962
795 1005
796 797
796 798
796 828
796 860
796 924
796 965
796 1002
797 799
797 829
797 861
797 925
797 964
797 1003
798 799
798 830
798 862
798 926
798 967
798 1000
799 831
799 863
799 927
799 966
799 1001
800 801
800 802
800 804
800 808
800 816
800 864
800 928
800 982
800 1017
801 803
801 805
801 809
801 817
801 865
801 929
801 983
801 1016
802 803
802 806
802 810
802 818
802 866
802 930
802 980
802 1019
803 807
803 811
803 819
803 867
803 931
803 981
803 1018
804 805
804 806
804 812
804 820
804 868
804 932
804 978
804 1021
805 807
805 813
805 821
805 869
805 933
805 979
805 1020
806 807
806 814
806 822
806 870
806 934
806 976
806 1023
807 815
807 823
807 871
807 935
807 977
807 1022
808 809
808 810
808 812
808 824
808 872
808 936
808 990
808 1009
809 811
809 813
809 825
809 873
809 937
809 991
809 1008
810 811
810 814
810 826
810 874
810 938
810 988
810 1011
811 815
811 827
811 875
811 939
811 989
811 1010
812 813
812 814
812 828
812 876
812 940
812 986
812 1013
813 815
813 829
813 877
813 941
813 987
813 1012
814 815
814 830
814 878
814 942
814 984
814 1015
815 831
815 879
815 943
815 985
815 1014
816 817
816 818
816 820
816 824
816 880
816 944
816 966
816 1001
817 819
817 821
817 825
817 881
817 945
817 967
817 1000
818 819
818 822
818 826
818 882
818 946
818 964
818 1003
819 823
819 827
819 883
819 947
819 965
819 1002
820 821
820 822
820 828
820 884
820 948
820 962
820 1005
821 823
821 829
821 885
821 949
821 963
821 1004
822 823
822 830
822 886
822 950
822 960
822 1007
823 831
823 887
823 951
823 961
823 1006
824 825
824 826
824 828
824 888
824 952
824 974
824 993
825 827
825 829
825 889
825 953
825 975
825 992
826 827
826 830
826 890
826 954
826 972
826 995
827 831
827 891
827 955
827 973
827 994
828 829
828 830
828 892
828 956
828 970
828 997
829 831
829 893
829 957
829 971
829 996
830 831
830 894
830 958
830 968
830 999
831 895
831 959
831 969
831 998
832 833
832 834
832 836
832 840
832 848
832 864
832 921
832 950
832 960
833 835
833 837
833 841
833 849
833 865
833 920
833 951
833 961
834 835
834 838
834 842
834 850
834 866
834 923
834 948
834 962
835 839
835 843
835 851
835 867
835 922
835 949
835 963
836 837
836 838
836 844
836 852
836 868
836 925
836 946
836 964
837 839
837 845
837 853
837 869
837 924
837 947
837 965
838 839
838 846
838 854
838 870
838 927
838 944
838 966
839 847
839 855
839 871
839 926
839 945
839 967
840 841
840 842
840 844
840 856
840 872
840 913
840 958
840 968
841 843
841 845
841 857
841 873
841 912
841 959
841 969
842 843
842 846
842 858
842 874
842 915
842 956
842 970
843 847
843 859
843 875
843 914
843 957
843 971
844 845
844 846
844 860
844 876
844 917
844 954
844 972
845 847
845 861
845 877
845 916
845 955
845 973
846 847
846 862
846 878
846 919
846 952
846 974
847 863
847 879
847 918
847 953
847 975
848 849
848 850
848 852
848 856
848 880
848 905
848 934
848 976
849 851
849 853
849 857
849 881
849 904
849 935
849 977
850 851
850 854
850 858
850 882
850 907
850 932
850 978
851 855
851 859
851 883
851 906
851 933
851 979
852 853
852 854
852 860
852 884
852 909
852 930
852 980
853 855
853 861
853 885
853 908
853 931
853 981
854 855
854 862
854 886
854 911
854 928
854 982
855 863
855 887
855 910
855 929
855 983
856 857
856 858
856 860
856 888
856 897
856 942
856 984
857 859
857 861
857 889
857 896
857 943
857 985
858 859
858 862
858 890
858 899
858 940
858 986
859 863
859 891
859 898
859 941
859 987
860 861
860 862
860 892
860 901
860 938
860 988
861 863
861 893
861 900
861 939
861 989
862 863
862 894
862 903
862 936
862 990
863 895
863 902
863 937
863 991
864 865
864 866
864 868
864 872
864 880
864 918
864 953
864 992
865 867
865 869
865 873
865 881
865 919
865 952
865 993
866 867
866 870
866 874
866 882
866 916
866 955
866 994
867 871
867 875
867 883
867 917
867 954
867 995
868 869
868 870
868 876
868 884
868 914
868 957
868 996
869 871
869 877
869 885
869 915
869 956
869 997
870 871
870 878
870 886
870 912
870 959
870 998
871 879
871 887
871 913
871 958
871 999
872 873
872 874
872 876
872 888
872 926
872 945
872 1000
873 875
873 877
873 889
873 927
873 944
873 1001
874 875
874 878
874 890
874 924
874 947
874 1002
875 879
875 891
875 925
875 946
875 1003
876 877
876 878
876 892
876 922
876 949
876 1004
877 879
877 893
877 923
877 948
877 1005
878 879
878 894
878 920
878 951
878 1006
879 895
879 921
879 950
879 1007
880 881
880 882
880 884
880 888
880 902
880 937
880 1008
881 883
881 885
881 889
881 903
881 936
881 1009
882 883
882 886
882 890
882 900
882 939
882 1010
883 887
883 891
883 901
883 938
883 1011
884 885
884 886
884 892
884 898
884 941
884 1012
885 887
885 893
885 899
885 940
885 1013
886 887
886 894
886 896
886 943
886 1014
887 895
887 897
887 942
887 1015
888 889
888 890
888 892
888 910
888 929
888 1016
889 891
889 893
889 911
889 928
889 1017
890 891
890 894
890 908
890 931
890 1018
891 895
891 909
891 930
891 1019
892 893
892 894
892 906
892 933
892 1020
893 895
893 907
893 932
893 1021
894 895
894 904
894 935
894 1022
895 905
895 934
895 1023
896 897
896 898
896 900
896 904
896 912
896 928
896 960
897 899
897 901
897 905
897 913
897 929
897 961
898 899
898 902
898 906
898 914
898 930
898 962
899 903
899 907
899 915
899 931
899 963
900 901
900 902
900 908
900 916
900 932
900 964
901 903
901 909
901 917
901 933
901 965
902 903
902 910
902 918
902 934
902 966
903 911
903 919
903 935
903 967
904 905
904 906
904 908
904 920
904 936
904 968
905 907
905 909
905 921
905 937
905 969
906 907
906 910
906 922
906 938
906 970
907 911
907 923
907 939
907 971
908 909
908 910
908 924
908 940
908 972
909 911
909 925
909 941
909 973
910 911
910 926
910 942
910 974
911 927
911 943
911 975
912 913
912 914
912 916
912 920
912 944
912 976
913 915
913 917
913 921
913 945
913 977
914 915
914 918
914 922
914 946
914 978
915 919
915 923
915 947
915 979
916 917
916 918
916 924
916 948
916 980
917 919
917 925
917 949
917 981
918 919
918 926
918 950
918 982
919 927
919 951
919 983
920 921
920 922
920 924
920 952
920 984
921 923
921 925
921 953
921 985
922 923
922 926
922 954
922 986
923 927
923 955
923 987
924 925
924 926
924 956
924 988
925 927
925 957
925 989
926 927
926 958
926 990
927 959
927 991
928 929
928 930
928 932
928 936
928 944
928 992
929 931
929 933
929 937
929 945
929 993
930 931
930 934
930 938
930 946
930 994
931 935
931 939
931 947
931 995
932 933
932 934
932 940
932 948
932 996
933 935
933 941
933 949
933 997
934 935
934 942
934 950
934 998
935 943
935 951
935 999
936 937
936 938
936 940
936 952
936 1000
937 939
937 941
937 953
937 1001
938 939
938 942
938 954
938 1002
939 943
939 955
939 1003
940 941
940 942
940 956
940 1004
941 943
941 957
941 1005
942 943
942 958
942 1006
943 959
943 1007
944 945
944 946
944 948
944 952
944 1008
945 947
945 949
945 953
945 1009
946 947
946 950
946 954
946 1010
947 951
947 955
947 1011
948 949
948 950
948 956
948 1012
949 951
949 957
949 1013
950 951
950 958
950 1014
951 959
951 1015
952 953
952 954
952 956
952 1016
953 955
953 957
953 1017
954 955
954 958
954 1018
955 959
955 1019
956 957
956 958
956 1020
957 959
957 1021
958 959
958 1022
959 1023
960 961
960 962
960 964
960 968
960 976
960 992
961 963
961 965
961 969
961 977
961 993
962 963
962 966
962 970
962 978
962 994
963 967
963 971
963 979
963 995
964 965
964 966
964 972
964 980
964 996
965 967
965 973
965 981
965 997
966 967
966 974
966 982
966 998
967 975
967 983
967 999
968 969
968 970
968 972
968 984
968 1000
969 971
969 973
969 985
969 1001
970 971
970 974
970 986
970 1002
971 975
971 987
971 1003
972 973
972 974
972 988
972 1004
973 975
973 989
973 1005
974 975
974 990
974 1006
975 991
975 1007
976 977
976 978
976 980
976 984
976 1008
977 979
977 981
977 985
977 1009
978 979
978 982
978 986
978 1010
979 983
979 987
979 1011
980 981
980 982
980 988
980 1012
981 983
981 989
981 1013
982 983
982 990
982 1014
983 991
983 1015
984 985
984 986
984 988
984 1016
985 987
985 989
985 1017
986 987
986 990
986 1018
987 991
987 1019
988 989
988 990
988 1020
989 991
989 1021
990 991
990 1022
991 1023
992 993
992 994
992 996
992 1000
992 1008
993 995
993 997
993 1001
993 1009
994 995
994 998
994 1002
994 1010
995 999
995 1003
995 1011
996 997
996 998
996 1004
996 1012
997 999
997 1005
997 1013
998 999
998 1006
998 1014
999 1007
999 1015
1000 1001
1000 1002
1000 1004
1000 1016
1001 1003
1001 1005
1001 1017
1002 1003
1002 1006
1002 1018
1003 1007
1003 1019
1004 1005
1004 1006
1004 1020
1005 1007
1005 1021
1006 1007
1006 1022
1007 1023
1008 1009
1008 1010
1008 1012
1008 1016
1009 1011
1009 1013
1009 1017
1010 1011
1010 1014
1010 1018
1011 1015
1011 1019
1012 1013
1012 1014
1012 1020
1013 1015
1013 1021
1014 1015
1014 1022
1015 1023
1016 1017
1016 1018
1016 1020
1017 1019
1017 1021
1018 1019
1018 1022
1019 1023
1020 1021
1020 1022
1021 1023
1022 1023
