# index, then the support (coordinates 0..22) of the coset leader
0
1 0
2 1
3 2
4 3
5 4
6 5
7 6
8 7
9 8
10 9
11 10
12 11
13 12
14 13
15 14
16 15
17 16
18 17
19 18
20 19
21 20
22 21
23 22
24 0 1
25 0 2
26 0 3
27 0 4
28 0 5
29 0 6
30 0 7
31 0 8
32 0 9
33 0 10
34 0 11
35 0 12
36 0 13
37 0 14
38 0 15
39 0 16
40 0 17
41 0 18
42 0 19
43 0 20
44 0 21
45 0 22
46 1 2
47 1 3
48 1 4
49 1 5
50 1 6
51 1 7
52 1 8
53 1 9
54 1 10
55 1 11
56 1 12
57 1 13
58 1 14
59 1 15
60 1 16
61 1 17
62 1 18
63 1 19
64 1 20
65 1 21
66 1 22
67 2 3
68 2 4
69 2 5
70 2 6
71 2 7
72 2 8
73 2 9
74 2 10
75 2 11
76 2 12
77 2 13
78 2 14
79 2 15
80 2 16
81 2 17
82 2 18
83 2 19
84 2 20
85 2 21
86 2 22
87 3 4
88 3 5
89 3 6
90 3 7
91 3 8
92 3 9
93 3 10
94 3 11
95 3 12
96 3 13
97 3 14
98 3 15
99 3 16
100 3 17
101 3 18
102 3 19
103 3 20
104 3 21
105 3 22
106 4 5
107 4 6
108 4 7
109 4 8
110 4 9
111 4 10
112 4 11
113 4 12
114 4 13
115 4 14
116 4 15
117 4 16
118 4 17
119 4 18
120 4 19
121 4 20
122 4 21
123 4 22
124 5 6
125 5 7
126 5 8
127 5 9
128 5 10
129 5 11
130 5 12
131 5 13
132 5 14
133 5 15
134 5 16
135 5 17
136 5 18
137 5 19
138 5 20
139 5 21
140 5 22
141 6 7
142 6 8
143 6 9
144 6 10
145 6 11
146 6 12
147 6 13
148 6 14
149 6 15
150 6 16
151 6 17
152 6 18
153 6 19
154 6 20
155 6 21
156 6 22
157 7 8
158 7 9
159 7 10
160 7 11
161 7 12
162 7 13
163 7 14
164 7 15
165 7 16
166 7 17
167 7 18
168 7 19
169 7 20
170 7 21
171 7 22
172 8 9
173 8 10
174 8 11
175 8 12
176 8 13
177 8 14
178 8 15
179 8 16
180 8 17
181 8 18
182 8 19
183 8 20
184 8 21
185 8 22
186 9 10
187 9 11
188 9 12
189 9 13
190 9 14
191 9 15
192 9 16
193 9 17
194 9 18
195 9 19
196 9 20
197 9 21
198 9 22
199 10 11
200 10 12
201 10 13
202 10 14
203 10 15
204 10 16
205 10 17
206 10 18
207 10 19
208 10 20
209 10 21
210 10 22
211 11 12
212 11 13
213 11 14
214 11 15
215 11 16
216 11 17
217 11 18
218 11 19
219 11 20
220 11 21
221 11 22
222 12 13
223 12 14
224 12 15
225 12 16
226 12 17
227 12 18
228 12 19
229 12 20
230 12 21
231 12 22
232 13 14
233 13 15
234 13 16
235 13 17
236 13 18
237 13 19
238 13 20
239 13 21
240 13 22
241 14 15
242 14 16
243 14 17
244 14 18
245 14 19
246 14 20
247 14 21
248 14 22
249 15 16
250 15 17
251 15 18
252 15 19
253 15 20
254 15 21
255 15 22
256 16 17
257 16 18
258 16 19
259 16 20
260 16 21
261 16 22
262 17 18
263 17 19
264 17 20
265 17 21
266 17 22
267 18 19
268 18 20
269 18 21
270 18 22
271 19 20
272 19 21
273 19 22
274 20 21
275 20 22
276 21 22
277 0 1 2
278 0 1 3
279 0 1 4
280 0 1 5
281 0 1 6
282 0 1 7
283 0 1 8
284 0 1 9
285 0 1 10
286 0 1 11
287 0 1 12
288 0 1 13
289 0 1 14
290 0 1 15
291 0 1 16
292 0 1 17
293 0 1 18
294 0 1 19
295 0 1 20
296 0 1 21
297 0 1 22
298 0 2 3
299 0 2 4
300 0 2 5
301 0 2 6
302 0 2 7
303 0 2 8
304 0 2 9
305 0 2 10
306 0 2 11
307 0 2 12
308 0 2 13
309 0 2 14
310 0 2 15
311 0 2 16
312 0 2 17
313 0 2 18
314 0 2 19
315 0 2 20
316 0 2 21
317 0 2 22
318 0 3 4
319 0 3 5
320 0 3 6
321 0 3 7
322 0 3 8
323 0 3 9
324 0 3 10
325 0 3 11
326 0 3 12
327 0 3 13
328 0 3 14
329 0 3 15
330 0 3 16
331 0 3 17
332 0 3 18
333 0 3 19
334 0 3 20
335 0 3 21
336 0 3 22
337 0 4 5
338 0 4 6
339 0 4 7
340 0 4 8
341 0 4 9
342 0 4 10
343 0 4 11
344 0 4 12
345 0 4 13
346 0 4 14
347 0 4 15
348 0 4 16
349 0 4 17
350 0 4 18
351 0 4 19
352 0 4 20
353 0 4 21
354 0 4 22
355 0 5 6
356 0 5 7
357 0 5 8
358 0 5 9
359 0 5 10
360 0 5 11
361 0 5 12
362 0 5 13
363 0 5 14
364 0 5 15
365 0 5 16
366 0 5 17
367 0 5 18
368 0 5 19
369 0 5 20
370 0 5 21
371 0 5 22
372 0 6 7
373 0 6 8
374 0 6 9
375 0 6 10
376 0 6 11
377 0 6 12
378 0 6 13
379 0 6 14
380 0 6 15
381 0 6 16
382 0 6 17
383 0 6 18
384 0 6 19
385 0 6 20
386 0 6 21
387 0 6 22
388 0 7 8
389 0 7 9
390 0 7 10
391 0 7 11
392 0 7 12
393 0 7 13
394 0 7 14
395 0 7 15
396 0 7 16
397 0 7 17
398 0 7 18
399 0 7 19
400 0 7 20
401 0 7 21
402 0 7 22
403 0 8 9
404 0 8 10
405 0 8 11
406 0 8 12
407 0 8 13
408 0 8 14
409 0 8 15
410 0 8 16
411 0 8 17
412 0 8 18
413 0 8 19
414 0 8 20
415 0 8 21
416 0 8 22
417 0 9 10
418 0 9 11
419 0 9 12
420 0 9 13
421 0 9 14
422 0 9 15
423 0 9 16
424 0 9 17
425 0 9 18
426 0 9 19
427 0 9 20
428 0 9 21
429 0 9 22
430 0 10 11
431 0 10 12
432 0 10 13
433 0 10 14
434 0 10 15
435 0 10 16
436 0 10 17
437 0 10 18
438 0 10 19
439 0 10 20
440 0 10 21
441 0 10 22
442 0 11 12
443 0 11 13
444 0 11 14
445 0 11 15
446 0 11 16
447 0 11 17
448 0 11 18
449 0 11 19
450 0 11 20
451 0 11 21
452 0 11 22
453 0 12 13
454 0 12 14
455 0 12 15
456 0 12 16
457 0 12 17
458 0 12 18
459 0 12 19
460 0 12 20
461 0 12 21
462 0 12 22
463 0 13 14
464 0 13 15
465 0 13 16
466 0 13 17
467 0 13 18
468 0 13 19
469 0 13 20
470 0 13 21
471 0 13 22
472 0 14 15
473 0 14 16
474 0 14 17
475 0 14 18
476 0 14 19
477 0 14 20
478 0 14 21
479 0 14 22
480 0 15 16
481 0 15 17
482 0 15 18
483 0 15 19
484 0 15 20
485 0 15 21
486 0 15 22
487 0 16 17
488 0 16 18
489 0 16 19
490 0 16 20
491 0 16 21
492 0 16 22
493 0 17 18
494 0 17 19
495 0 17 20
496 0 17 21
497 0 17 22
498 0 18 19
499 0 18 20
500 0 18 21
501 0 18 22
502 0 19 20
503 0 19 21
504 0 19 22
505 0 20 21
506 0 20 22
507 0 21 22
508 1 2 3
509 1 2 4
510 1 2 5
511 1 2 6
512 1 2 7
513 1 2 8
514 1 2 9
515 1 2 10
516 1 2 11
517 1 2 12
518 1 2 13
519 1 2 14
520 1 2 15
521 1 2 16
522 1 2 17
523 1 2 18
524 1 2 19
525 1 2 20
526 1 2 21
527 1 2 22
528 1 3 4
529 1 3 5
530 1 3 6
531 1 3 7
532 1 3 8
533 1 3 9
534 1 3 10
535 1 3 11
536 1 3 12
537 1 3 13
538 1 3 14
539 1 3 15
540 1 3 16
541 1 3 17
542 1 3 18
543 1 3 19
544 1 3 20
545 1 3 21
546 1 3 22
547 1 4 5
548 1 4 6
549 1 4 7
550 1 4 8
551 1 4 9
552 1 4 10
553 1 4 11
554 1 4 12
555 1 4 13
556 1 4 14
557 1 4 15
558 1 4 16
559 1 4 17
560 1 4 18
561 1 4 19
562 1 4 20
563 1 4 21
564 1 4 22
565 1 5 6
566 1 5 7
567 1 5 8
568 1 5 9
569 1 5 10
570 1 5 11
571 1 5 12
572 1 5 13
573 1 5 14
574 1 5 15
575 1 5 16
576 1 5 17
577 1 5 18
578 1 5 19
579 1 5 20
580 1 5 21
581 1 5 22
582 1 6 7
583 1 6 8
584 1 6 9
585 1 6 10
586 1 6 11
587 1 6 12
588 1 6 13
589 1 6 14
590 1 6 15
591 1 6 16
592 1 6 17
593 1 6 18
594 1 6 19
595 1 6 20
596 1 6 21
597 1 6 22
598 1 7 8
599 1 7 9
600 1 7 10
601 1 7 11
602 1 7 12
603 1 7 13
604 1 7 14
605 1 7 15
606 1 7 16
607 1 7 17
608 1 7 18
609 1 7 19
610 1 7 20
611 1 7 21
612 1 7 22
613 1 8 9
614 1 8 10
615 1 8 11
616 1 8 12
617 1 8 13
618 1 8 14
619 1 8 15
620 1 8 16
621 1 8 17
622 1 8 18
623 1 8 19
624 1 8 20
625 1 8 21
626 1 8 22
627 1 9 10
628 1 9 11
629 1 9 12
630 1 9 13
631 1 9 14
632 1 9 15
633 1 9 16
634 1 9 17
635 1 9 18
636 1 9 19
637 1 9 20
638 1 9 21
639 1 9 22
640 1 10 11
641 1 10 12
642 1 10 13
643 1 10 14
644 1 10 15
645 1 10 16
646 1 10 17
647 1 10 18
648 1 10 19
649 1 10 20
650 1 10 21
651 1 10 22
652 1 11 12
653 1 11 13
654 1 11 14
655 1 11 15
656 1 11 16
657 1 11 17
658 1 11 18
659 1 11 19
660 1 11 20
661 1 11 21
662 1 11 22
663 1 12 13
664 1 12 14
665 1 12 15
666 1 12 16
667 1 12 17
668 1 12 18
669 1 12 19
670 1 12 20
671 1 12 21
672 1 12 22
673 1 13 14
674 1 13 15
675 1 13 16
676 1 13 17
677 1 13 18
678 1 13 19
679 1 13 20
680 1 13 21
681 1 13 22
682 1 14 15
683 1 14 16
684 1 14 17
685 1 14 18
686 1 14 19
687 1 14 20
688 1 14 21
689 1 14 22
690 1 15 16
691 1 15 17
692 1 15 18
693 1 15 19
694 1 15 20
695 1 15 21
696 1 15 22
697 1 16 17
698 1 16 18
699 1 16 19
700 1 16 20
701 1 16 21
702 1 16 22
703 1 17 18
704 1 17 19
705 1 17 20
706 1 17 21
707 1 17 22
708 1 18 19
709 1 18 20
710 1 18 21
711 1 18 22
712 1 19 20
713 1 19 21
714 1 19 22
715 1 20 21
716 1 20 22
717 1 21 22
718 2 3 4
719 2 3 5
720 2 3 6
721 2 3 7
722 2 3 8
723 2 3 9
724 2 3 10
725 2 3 11
726 2 3 12
727 2 3 13
728 2 3 14
729 2 3 15
730 2 3 16
731 2 3 17
732 2 3 18
733 2 3 19
734 2 3 20
735 2 3 21
736 2 3 22
737 2 4 5
738 2 4 6
739 2 4 7
740 2 4 8
741 2 4 9
742 2 4 10
743 2 4 11
744 2 4 12
745 2 4 13
746 2 4 14
747 2 4 15
748 2 4 16
749 2 4 17
750 2 4 18
751 2 4 19
752 2 4 20
753 2 4 21
754 2 4 22
755 2 5 6
756 2 5 7
757 2 5 8
758 2 5 9
759 2 5 10
760 2 5 11
761 2 5 12
762 2 5 13
763 2 5 14
764 2 5 15
765 2 5 16
766 2 5 17
767 2 5 18
768 2 5 19
769 2 5 20
770 2 5 21
771 2 5 22
772 2 6 7
773 2 6 8
774 2 6 9
775 2 6 10
776 2 6 11
777 2 6 12
778 2 6 13
779 2 6 14
780 2 6 15
781 2 6 16
782 2 6 17
783 2 6 18
784 2 6 19
785 2 6 20
786 2 6 21
787 2 6 22
788 2 7 8
789 2 7 9
790 2 7 10
791 2 7 11
792 2 7 12
793 2 7 13
794 2 7 14
795 2 7 15
796 2 7 16
797 2 7 17
798 2 7 18
799 2 7 19
800 2 7 20
801 2 7 21
802 2 7 22
803 2 8 9
804 2 8 10
805 2 8 11
806 2 8 12
807 2 8 13
808 2 8 14
809 2 8 15
810 2 8 16
811 2 8 17
812 2 8 18
813 2 8 19
814 2 8 20
815 2 8 21
816 2 8 22
817 2 9 10
818 2 9 11
819 2 9 12
820 2 9 13
821 2 9 14
822 2 9 15
823 2 9 16
824 2 9 17
825 2 9 18
826 2 9 19
827 2 9 20
828 2 9 21
829 2 9 22
830 2 10 11
831 2 10 12
832 2 10 13
833 2 10 14
834 2 10 15
835 2 10 16
836 2 10 17
837 2 10 18
838 2 10 19
839 2 10 20
840 2 10 21
841 2 10 22
842 2 11 12
843 2 11 13
844 2 11 14
845 2 11 15
846 2 11 16
847 2 11 17
848 2 11 18
849 2 11 19
850 2 11 20
851 2 11 21
852 2 11 22
853 2 12 13
854 2 12 14
855 2 12 15
856 2 12 16
857 2 12 17
858 2 12 18
859 2 12 19
860 2 12 20
861 2 12 21
862 2 12 22
863 2 13 14
864 2 13 15
865 2 13 16
866 2 13 17
867 2 13 18
868 2 13 19
869 2 13 20
870 2 13 21
871 2 13 22
872 2 14 15
873 2 14 16
874 2 14 17
875 2 14 18
876 2 14 19
877 2 14 20
878 2 14 21
879 2 14 22
880 2 15 16
881 2 15 17
882 2 15 18
883 2 15 19
884 2 15 20
885 2 15 21
886 2 15 22
887 2 16 17
888 2 16 18
889 2 16 19
890 2 16 20
891 2 16 21
892 2 16 22
893 2 17 18
894 2 17 19
895 2 17 20
896 2 17 21
897 2 17 22
898 2 18 19
899 2 18 20
900 2 18 21
901 2 18 22
902 2 19 20
903 2 19 21
904 2 19 22
905 2 20 21
906 2 20 22
907 2 21 22
908 3 4 5
909 3 4 6
910 3 4 7
911 3 4 8
912 3 4 9
913 3 4 10
914 3 4 11
915 3 4 12
916 3 4 13
917 3 4 14
918 3 4 15
919 3 4 16
920 3 4 17
921 3 4 18
922 3 4 19
923 3 4 20
924 3 4 21
925 3 4 22
926 3 5 6
927 3 5 7
928 3 5 8
929 3 5 9
930 3 5 10
931 3 5 11
932 3 5 12
933 3 5 13
934 3 5 14
935 3 5 15
936 3 5 16
937 3 5 17
938 3 5 18
939 3 5 19
940 3 5 20
941 3 5 21
942 3 5 22
943 3 6 7
944 3 6 8
945 3 6 9
946 3 6 10
947 3 6 11
948 3 6 12
949 3 6 13
950 3 6 14
951 3 6 15
952 3 6 16
953 3 6 17
954 3 6 18
955 3 6 19
956 3 6 20
957 3 6 21
958 3 6 22
959 3 7 8
960 3 7 9
961 3 7 10
962 3 7 11
963 3 7 12
964 3 7 13
965 3 7 14
966 3 7 15
967 3 7 16
968 3 7 17
969 3 7 18
970 3 7 19
971 3 7 20
972 3 7 21
973 3 7 22
974 3 8 9
975 3 8 10
976 3 8 11
977 3 8 12
978 3 8 13
979 3 8 14
980 3 8 15
981 3 8 16
982 3 8 17
983 3 8 18
984 3 8 19
985 3 8 20
986 3 8 21
987 3 8 22
988 3 9 10
989 3 9 11
990 3 9 12
991 3 9 13
992 3 9 14
993 3 9 15
994 3 9 16
995 3 9 17
996 3 9 18
997 3 9 19
998 3 9 20
999 3 9 21
1000 3 9 22
1001 3 10 11
1002 3 10 12
1003 3 10 13
1004 3 10 14
1005 3 10 15
1006 3 10 16
1007 3 10 17
1008 3 10 18
1009 3 10 19
1010 3 10 20
1011 3 10 21
1012 3 10 22
1013 3 11 12
1014 3 11 13
1015 3 11 14
1016 3 11 15
1017 3 11 16
1018 3 11 17
1019 3 11 18
1020 3 11 19
1021 3 11 20
1022 3 11 21
1023 3 11 22
1024 3 12 13
1025 3 12 14
1026 3 12 15
1027 3 12 16
1028 3 12 17
1029 3 12 18
1030 3 12 19
1031 3 12 20
1032 3 12 21
1033 3 12 22
1034 3 13 14
1035 3 13 15
1036 3 13 16
1037 3 13 17
1038 3 13 18
1039 3 13 19
1040 3 13 20
1041 3 13 21
1042 3 13 22
1043 3 14 15
1044 3 14 16
1045 3 14 17
1046 3 14 18
1047 3 14 19
1048 3 14 20
1049 3 14 21
1050 3 14 22
1051 3 15 16
1052 3 15 17
1053 3 15 18
1054 3 15 19
1055 3 15 20
1056 3 15 21
1057 3 15 22
1058 3 16 17
1059 3 16 18
1060 3 16 19
1061 3 16 20
1062 3 16 21
1063 3 16 22
1064 3 17 18
1065 3 17 19
1066 3 17 20
1067 3 17 21
1068 3 17 22
1069 3 18 19
1070 3 18 20
1071 3 18 21
1072 3 18 22
1073 3 19 20
1074 3 19 21
1075 3 19 22
1076 3 20 21
1077 3 20 22
1078 3 21 22
1079 4 5 6
1080 4 5 7
1081 4 5 8
1082 4 5 9
1083 4 5 10
1084 4 5 11
1085 4 5 12
1086 4 5 13
1087 4 5 14
1088 4 5 15
1089 4 5 16
1090 4 5 17
1091 4 5 18
1092 4 5 19
1093 4 5 20
1094 4 5 21
1095 4 5 22
1096 4 6 7
1097 4 6 8
1098 4 6 9
1099 4 6 10
1100 4 6 11
1101 4 6 12
1102 4 6 13
1103 4 6 14
1104 4 6 15
1105 4 6 16
1106 4 6 17
1107 4 6 18
1108 4 6 19
1109 4 6 20
1110 4 6 21
1111 4 6 22
1112 4 7 8
1113 4 7 9
1114 4 7 10
1115 4 7 11
1116 4 7 12
1117 4 7 13
1118 4 7 14
1119 4 7 15
1120 4 7 16
1121 4 7 17
1122 4 7 18
1123 4 7 19
1124 4 7 20
1125 4 7 21
1126 4 7 22
1127 4 8 9
1128 4 8 10
1129 4 8 11
1130 4 8 12
1131 4 8 13
1132 4 8 14
1133 4 8 15
1134 4 8 16
1135 4 8 17
1136 4 8 18
1137 4 8 19
1138 4 8 20
1139 4 8 21
1140 4 8 22
1141 4 9 10
1142 4 9 11
1143 4 9 12
1144 4 9 13
1145 4 9 14
1146 4 9 15
1147 4 9 16
1148 4 9 17
1149 4 9 18
1150 4 9 19
1151 4 9 20
1152 4 9 21
1153 4 9 22
1154 4 10 11
1155 4 10 12
1156 4 10 13
1157 4 10 14
1158 4 10 15
1159 4 10 16
1160 4 10 17
1161 4 10 18
1162 4 10 19
1163 4 10 20
1164 4 10 21
1165 4 10 22
1166 4 11 12
1167 4 11 13
1168 4 11 14
1169 4 11 15
1170 4 11 16
1171 4 11 17
1172 4 11 18
1173 4 11 19
1174 4 11 20
1175 4 11 21
1176 4 11 22
1177 4 12 13
1178 4 12 14
1179 4 12 15
1180 4 12 16
1181 4 12 17
1182 4 12 18
1183 4 12 19
1184 4 12 20
1185 4 12 21
1186 4 12 22
1187 4 13 14
1188 4 13 15
1189 4 13 16
1190 4 13 17
1191 4 13 18
1192 4 13 19
1193 4 13 20
1194 4 13 21
1195 4 13 22
1196 4 14 15
1197 4 14 16
1198 4 14 17
1199 4 14 18
1200 4 14 19
1201 4 14 20
1202 4 14 21
1203 4 14 22
1204 4 15 16
1205 4 15 17
1206 4 15 18
1207 4 15 19
1208 4 15 20
1209 4 15 21
1210 4 15 22
1211 4 16 17
1212 4 16 18
1213 4 16 19
1214 4 16 20
1215 4 16 21
1216 4 16 22
1217 4 17 18
1218 4 17 19
1219 4 17 20
1220 4 17 21
1221 4 17 22
1222 4 18 19
1223 4 18 20
1224 4 18 21
1225 4 18 22
1226 4 19 20
1227 4 19 21
1228 4 19 22
1229 4 20 21
1230 4 20 22
1231 4 21 22
1232 5 6 7
1233 5 6 8
1234 5 6 9
1235 5 6 10
1236 5 6 11
1237 5 6 12
1238 5 6 13
1239 5 6 14
1240 5 6 15
1241 5 6 16
1242 5 6 17
1243 5 6 18
1244 5 6 19
1245 5 6 20
1246 5 6 21
1247 5 6 22
1248 5 7 8
1249 5 7 9
1250 5 7 10
1251 5 7 11
1252 5 7 12
1253 5 7 13
1254 5 7 14
1255 5 7 15
1256 5 7 16
1257 5 7 17
1258 5 7 18
1259 5 7 19
1260 5 7 20
1261 5 7 21
1262 5 7 22
1263 5 8 9
1264 5 8 10
1265 5 8 11
1266 5 8 12
1267 5 8 13
1268 5 8 14
1269 5 8 15
1270 5 8 16
1271 5 8 17
1272 5 8 18
1273 5 8 19
1274 5 8 20
1275 5 8 21
1276 5 8 22
1277 5 9 10
1278 5 9 11
1279 5 9 12
1280 5 9 13
1281 5 9 14
1282 5 9 15
1283 5 9 16
1284 5 9 17
1285 5 9 18
1286 5 9 19
1287 5 9 20
1288 5 9 21
1289 5 9 22
1290 5 10 11
1291 5 10 12
1292 5 10 13
1293 5 10 14
1294 5 10 15
1295 5 10 16
1296 5 10 17
1297 5 10 18
1298 5 10 19
1299 5 10 20
1300 5 10 21
1301 5 10 22
1302 5 11 12
1303 5 11 13
1304 5 11 14
1305 5 11 15
1306 5 11 16
1307 5 11 17
1308 5 11 18
1309 5 11 19
1310 5 11 20
1311 5 11 21
1312 5 11 22
1313 5 12 13
1314 5 12 14
1315 5 12 15
1316 5 12 16
1317 5 12 17
1318 5 12 18
1319 5 12 19
1320 5 12 20
1321 5 12 21
1322 5 12 22
1323 5 13 14
1324 5 13 15
1325 5 13 16
1326 5 13 17
1327 5 13 18
1328 5 13 19
1329 5 13 20
1330 5 13 21
1331 5 13 22
1332 5 14 15
1333 5 14 16
1334 5 14 17
1335 5 14 18
1336 5 14 19
1337 5 14 20
1338 5 14 21
1339 5 14 22
1340 5 15 16
1341 5 15 17
1342 5 15 18
1343 5 15 19
1344 5 15 20
1345 5 15 21
1346 5 15 22
1347 5 16 17
1348 5 16 18
1349 5 16 19
1350 5 16 20
1351 5 16 21
1352 5 16 22
1353 5 17 18
1354 5 17 19
1355 5 17 20
1356 5 17 21
1357 5 17 22
1358 5 18 19
1359 5 18 20
1360 5 18 21
1361 5 18 22
1362 5 19 20
1363 5 19 21
1364 5 19 22
1365 5 20 21
1366 5 20 22
1367 5 21 22
1368 6 7 8
1369 6 7 9
1370 6 7 10
1371 6 7 11
1372 6 7 12
1373 6 7 13
1374 6 7 14
1375 6 7 15
1376 6 7 16
1377 6 7 17
1378 6 7 18
1379 6 7 19
1380 6 7 20
1381 6 7 21
1382 6 7 22
1383 6 8 9
1384 6 8 10
1385 6 8 11
1386 6 8 12
1387 6 8 13
1388 6 8 14
1389 6 8 15
1390 6 8 16
1391 6 8 17
1392 6 8 18
1393 6 8 19
1394 6 8 20
1395 6 8 21
1396 6 8 22
1397 6 9 10
1398 6 9 11
1399 6 9 12
1400 6 9 13
1401 6 9 14
1402 6 9 15
1403 6 9 16
1404 6 9 17
1405 6 9 18
1406 6 9 19
1407 6 9 20
1408 6 9 21
1409 6 9 22
1410 6 10 11
1411 6 10 12
1412 6 10 13
1413 6 10 14
1414 6 10 15
1415 6 10 16
1416 6 10 17
1417 6 10 18
1418 6 10 19
1419 6 10 20
1420 6 10 21
1421 6 10 22
1422 6 11 12
1423 6 11 13
1424 6 11 14
1425 6 11 15
1426 6 11 16
1427 6 11 17
1428 6 11 18
1429 6 11 19
1430 6 11 20
1431 6 11 21
1432 6 11 22
1433 6 12 13
1434 6 12 14
1435 6 12 15
1436 6 12 16
1437 6 12 17
1438 6 12 18
1439 6 12 19
1440 6 12 20
1441 6 12 21
1442 6 12 22
1443 6 13 14
1444 6 13 15
1445 6 13 16
1446 6 13 17
1447 6 13 18
1448 6 13 19
1449 6 13 20
1450 6 13 21
1451 6 13 22
1452 6 14 15
1453 6 14 16
1454 6 14 17
1455 6 14 18
1456 6 14 19
1457 6 14 20
1458 6 14 21
1459 6 14 22
1460 6 15 16
1461 6 15 17
1462 6 15 18
1463 6 15 19
1464 6 15 20
1465 6 15 21
1466 6 15 22
1467 6 16 17
1468 6 16 18
1469 6 16 19
1470 6 16 20
1471 6 16 21
1472 6 16 22
1473 6 17 18
1474 6 17 19
1475 6 17 20
1476 6 17 21
1477 6 17 22
1478 6 18 19
1479 6 18 20
1480 6 18 21
1481 6 18 22
1482 6 19 20
1483 6 19 21
1484 6 19 22
1485 6 20 21
1486 6 20 22
1487 6 21 22
1488 7 8 9
1489 7 8 10
1490 7 8 11
1491 7 8 12
1492 7 8 13
1493 7 8 14
1494 7 8 15
1495 7 8 16
1496 7 8 17
1497 7 8 18
1498 7 8 19
1499 7 8 20
1500 7 8 21
1501 7 8 22
1502 7 9 10
1503 7 9 11
1504 7 9 12
1505 7 9 13
1506 7 9 14
1507 7 9 15
1508 7 9 16
1509 7 9 17
1510 7 9 18
1511 7 9 19
1512 7 9 20
1513 7 9 21
1514 7 9 22
1515 7 10 11
1516 7 10 12
1517 7 10 13
1518 7 10 14
1519 7 10 15
1520 7 10 16
1521 7 10 17
1522 7 10 18
1523 7 10 19
1524 7 10 20
1525 7 10 21
1526 7 10 22
1527 7 11 12
1528 7 11 13
1529 7 11 14
1530 7 11 15
1531 7 11 16
1532 7 11 17
1533 7 11 18
1534 7 11 19
1535 7 11 20
1536 7 11 21
1537 7 11 22
1538 7 12 13
1539 7 12 14
1540 7 12 15
1541 7 12 16
1542 7 12 17
1543 7 12 18
1544 7 12 19
1545 7 12 20
1546 7 12 21
1547 7 12 22
1548 7 13 14
1549 7 13 15
1550 7 13 16
1551 7 13 17
1552 7 13 18
1553 7 13 19
1554 7 13 20
1555 7 13 21
1556 7 13 22
1557 7 14 15
1558 7 14 16
1559 7 14 17
1560 7 14 18
1561 7 14 19
1562 7 14 20
1563 7 14 21
1564 7 14 22
1565 7 15 16
1566 7 15 17
1567 7 15 18
1568 7 15 19
1569 7 15 20
1570 7 15 21
1571 7 15 22
1572 7 16 17
1573 7 16 18
1574 7 16 19
1575 7 16 20
1576 7 16 21
1577 7 16 22
1578 7 17 18
1579 7 17 19
1580 7 17 20
1581 7 17 21
1582 7 17 22
1583 7 18 19
1584 7 18 20
1585 7 18 21
1586 7 18 22
1587 7 19 20
1588 7 19 21
1589 7 19 22
1590 7 20 21
1591 7 20 22
1592 7 21 22
1593 8 9 10
1594 8 9 11
1595 8 9 12
1596 8 9 13
1597 8 9 14
1598 8 9 15
1599 8 9 16
1600 8 9 17
1601 8 9 18
1602 8 9 19
1603 8 9 20
1604 8 9 21
1605 8 9 22
1606 8 10 11
1607 8 10 12
1608 8 10 13
1609 8 10 14
1610 8 10 15
1611 8 10 16
1612 8 10 17
1613 8 10 18
1614 8 10 19
1615 8 10 20
1616 8 10 21
1617 8 10 22
1618 8 11 12
1619 8 11 13
1620 8 11 14
1621 8 11 15
1622 8 11 16
1623 8 11 17
1624 8 11 18
1625 8 11 19
1626 8 11 20
1627 8 11 21
1628 8 11 22
1629 8 12 13
1630 8 12 14
1631 8 12 15
1632 8 12 16
1633 8 12 17
1634 8 12 18
1635 8 12 19
1636 8 12 20
1637 8 12 21
1638 8 12 22
1639 8 13 14
1640 8 13 15
1641 8 13 16
1642 8 13 17
1643 8 13 18
1644 8 13 19
1645 8 13 20
1646 8 13 21
1647 8 13 22
1648 8 14 15
1649 8 14 16
1650 8 14 17
1651 8 14 18
1652 8 14 19
1653 8 14 20
1654 8 14 21
1655 8 14 22
1656 8 15 16
1657 8 15 17
1658 8 15 18
1659 8 15 19
1660 8 15 20
1661 8 15 21
1662 8 15 22
1663 8 16 17
1664 8 16 18
1665 8 16 19
1666 8 16 20
1667 8 16 21
1668 8 16 22
1669 8 17 18
1670 8 17 19
1671 8 17 20
1672 8 17 21
1673 8 17 22
1674 8 18 19
1675 8 18 20
1676 8 18 21
1677 8 18 22
1678 8 19 20
1679 8 19 21
1680 8 19 22
1681 8 20 21
1682 8 20 22
1683 8 21 22
1684 9 10 11
1685 9 10 12
1686 9 10 13
1687 9 10 14
1688 9 10 15
1689 9 10 16
1690 9 10 17
1691 9 10 18
1692 9 10 19
1693 9 10 20
1694 9 10 21
1695 9 10 22
1696 9 11 12
1697 9 11 13
1698 9 11 14
1699 9 11 15
1700 9 11 16
1701 9 11 17
1702 9 11 18
1703 9 11 19
1704 9 11 20
1705 9 11 21
1706 9 11 22
1707 9 12 13
1708 9 12 14
1709 9 12 15
1710 9 12 16
1711 9 12 17
1712 9 12 18
1713 9 12 19
1714 9 12 20
1715 9 12 21
1716 9 12 22
1717 9 13 14
1718 9 13 15
1719 9 13 16
1720 9 13 17
1721 9 13 18
1722 9 13 19
1723 9 13 20
1724 9 13 21
1725 9 13 22
1726 9 14 15
1727 9 14 16
1728 9 14 17
1729 9 14 18
1730 9 14 19
1731 9 14 20
1732 9 14 21
1733 9 14 22
1734 9 15 16
1735 9 15 17
1736 9 15 18
1737 9 15 19
1738 9 15 20
1739 9 15 21
1740 9 15 22
1741 9 16 17
1742 9 16 18
1743 9 16 19
1744 9 16 20
1745 9 16 21
1746 9 16 22
1747 9 17 18
1748 9 17 19
1749 9 17 20
1750 9 17 21
1751 9 17 22
1752 9 18 19
1753 9 18 20
1754 9 18 21
1755 9 18 22
1756 9 19 20
1757 9 19 21
1758 9 19 22
1759 9 20 21
1760 9 20 22
1761 9 21 22
1762 10 11 12
1763 10 11 13
1764 10 11 14
1765 10 11 15
1766 10 11 16
1767 10 11 17
1768 10 11 18
1769 10 11 19
1770 10 11 20
1771 10 11 21
1772 10 11 22
1773 10 12 13
1774 10 12 14
1775 10 12 15
1776 10 12 16
1777 10 12 17
1778 10 12 18
1779 10 12 19
1780 10 12 20
1781 10 12 21
1782 10 12 22
1783 10 13 14
1784 10 13 15
1785 10 13 16
1786 10 13 17
1787 10 13 18
1788 10 13 19
1789 10 13 20
1790 10 13 21
1791 10 13 22
1792 10 14 15
1793 10 14 16
1794 10 14 17
1795 10 14 18
1796 10 14 19
1797 10 14 20
1798 10 14 21
1799 10 14 22
1800 10 15 16
1801 10 15 17
1802 10 15 18
1803 10 15 19
1804 10 15 20
1805 10 15 21
1806 10 15 22
1807 10 16 17
1808 10 16 18
1809 10 16 19
1810 10 16 20
1811 10 16 21
1812 10 16 22
1813 10 17 18
1814 10 17 19
1815 10 17 20
1816 10 17 21
1817 10 17 22
1818 10 18 19
1819 10 18 20
1820 10 18 21
1821 10 18 22
1822 10 19 20
1823 10 19 21
1824 10 19 22
1825 10 20 21
1826 10 20 22
1827 10 21 22
1828 11 12 13
1829 11 12 14
1830 11 12 15
1831 11 12 16
1832 11 12 17
1833 11 12 18
1834 11 12 19
1835 11 12 20
1836 11 12 21
1837 11 12 22
1838 11 13 14
1839 11 13 15
1840 11 13 16
1841 11 13 17
1842 11 13 18
1843 11 13 19
1844 11 13 20
1845 11 13 21
1846 11 13 22
1847 11 14 15
1848 11 14 16
1849 11 14 17
1850 11 14 18
1851 11 14 19
1852 11 14 20
1853 11 14 21
1854 11 14 22
1855 11 15 16
1856 11 15 17
1857 11 15 18
1858 11 15 19
1859 11 15 20
1860 11 15 21
1861 11 15 22
1862 11 16 17
1863 11 16 18
1864 11 16 19
1865 11 16 20
1866 11 16 21
1867 11 16 22
1868 11 17 18
1869 11 17 19
1870 11 17 20
1871 11 17 21
1872 11 17 22
1873 11 18 19
1874 11 18 20
1875 11 18 21
1876 11 18 22
1877 11 19 20
1878 11 19 21
1879 11 19 22
1880 11 20 21
1881 11 20 22
1882 11 21 22
1883 12 13 14
1884 12 13 15
1885 12 13 16
1886 12 13 17
1887 12 13 18
1888 12 13 19
1889 12 13 20
1890 12 13 21
1891 12 13 22
1892 12 14 15
1893 12 14 16
1894 12 14 17
1895 12 14 18
1896 12 14 19
1897 12 14 20
1898 12 14 21
1899 12 14 22
1900 12 15 16
1901 12 15 17
1902 12 15 18
1903 12 15 19
1904 12 15 20
1905 12 15 21
1906 12 15 22
1907 12 16 17
1908 12 16 18
1909 12 16 19
1910 12 16 20
1911 12 16 21
1912 12 16 22
1913 12 17 18
1914 12 17 19
1915 12 17 20
1916 12 17 21
1917 12 17 22
1918 12 18 19
1919 12 18 20
1920 12 18 21
1921 12 18 22
1922 12 19 20
1923 12 19 21
1924 12 19 22
1925 12 20 21
1926 12 20 22
1927 12 21 22
1928 13 14 15
1929 13 14 16
1930 13 14 17
1931 13 14 18
1932 13 14 19
1933 13 14 20
1934 13 14 21
1935 13 14 22
1936 13 15 16
1937 13 15 17
1938 13 15 18
1939 13 15 19
1940 13 15 20
1941 13 15 21
1942 13 15 22
1943 13 16 17
1944 13 16 18
1945 13 16 19
1946 13 16 20
1947 13 16 21
1948 13 16 22
1949 13 17 18
1950 13 17 19
1951 13 17 20
1952 13 17 21
1953 13 17 22
1954 13 18 19
1955 13 18 20
1956 13 18 21
1957 13 18 22
1958 13 19 20
1959 13 19 21
1960 13 19 22
1961 13 20 21
1962 13 20 22
1963 13 21 22
1964 14 15 16
1965 14 15 17
1966 14 15 18
1967 14 15 19
1968 14 15 20
1969 14 15 21
1970 14 15 22
1971 14 16 17
1972 14 16 18
1973 14 16 19
1974 14 16 20
1975 14 16 21
1976 14 16 22
1977 14 17 18
1978 14 17 19
1979 14 17 20
1980 14 17 21
1981 14 17 22
1982 14 18 19
1983 14 18 20
1984 14 18 21
1985 14 18 22
1986 14 19 20
1987 14 19 21
1988 14 19 22
1989 14 20 21
1990 14 20 22
1991 14 21 22
1992 15 16 17
1993 15 16 18
1994 15 16 19
1995 15 16 20
1996 15 16 21
1997 15 16 22
1998 15 17 18
1999 15 17 19
2000 15 17 20
2001 15 17 21
2002 15 17 22
2003 15 18 19
2004 15 18 20
2005 15 18 21
2006 15 18 22
2007 15 19 20
2008 15 19 21
2009 15 19 22
2010 15 20 21
2011 15 20 22
2012 15 21 22
2013 16 17 18
2014 16 17 19
2015 16 17 20
2016 16 17 21
2017 16 17 22
2018 16 18 19
2019 16 18 20
2020 16 18 21
2021 16 18 22
2022 16 19 20
2023 16 19 21
2024 16 19 22
2025 16 20 21
2026 16 20 22
2027 16 21 22
2028 17 18 19
2029 17 18 20
2030 17 18 21
2031 17 18 22
2032 17 19 20
2033 17 19 21
2034 17 19 22
2035 17 20 21
2036 17 20 22
2037 17 21 22
2038 18 19 20
2039 18 19 21
2040 18 19 22
2041 18 20 21
2042 18 20 22
2043 18 21 22
2044 19 20 21
2045 19 20 22
2046 19 21 22
2047 20 21 22
