# index, then the exponents of the smallest element of the class in F_2[x]/(g(x));
# the class is that element plus the span of x^j mod g(x), j in [22]
0
1 0
2 1
3 0 1
4 2
5 0 2
6 1 2
7 0 1 2
8 3
9 0 3
10 1 3
11 0 1 3
12 2 3
13 0 2 3
14 1 2 3
15 0 1 2 3
16 4
17 0 4
18 1 4
19 0 1 4
20 2 4
21 0 2 4
22 1 2 4
23 0 1 2 4
24 3 4
25 0 3 4
26 1 3 4
27 0 1 3 4
28 2 3 4
29 0 2 3 4
30 1 2 3 4
31 0 1 2 3 4
32 5
33 0 5
34 1 5
35 0 1 5
36 2 5
37 0 2 5
38 1 2 5
39 0 1 2 5
40 3 5
41 0 3 5
42 1 3 5
43 0 1 3 5
44 2 3 5
45 0 2 3 5
46 1 2 3 5
47 0 1 2 3 5
48 4 5
49 0 4 5
50 1 4 5
51 0 1 4 5
52 2 4 5
53 0 2 4 5
54 1 2 4 5
55 0 1 2 4 5
56 3 4 5
57 0 3 4 5
58 1 3 4 5
59 0 1 3 4 5
60 2 3 4 5
61 0 2 3 4 5
62 1 2 3 4 5
63 0 1 2 3 4 5
64 6
65 0 6
66 1 6
67 0 1 6
68 2 6
69 0 2 6
70 1 2 6
71 0 1 2 6
72 3 6
73 0 3 6
74 1 3 6
75 0 1 3 6
76 2 3 6
77 0 2 3 6
78 1 2 3 6
79 0 1 2 3 6
80 4 6
81 0 4 6
82 1 4 6
83 0 1 4 6
84 2 4 6
85 0 2 4 6
86 1 2 4 6
87 0 1 2 4 6
88 3 4 6
89 0 3 4 6
90 1 3 4 6
91 0 1 3 4 6
92 2 3 4 6
93 0 2 3 4 6
94 1 2 3 4 6
95 0 1 2 3 4 6
96 5 6
97 0 5 6
98 1 5 6
99 0 1 5 6
100 2 5 6
101 0 2 5 6
102 1 2 5 6
103 0 1 2 5 6
104 3 5 6
105 0 3 5 6
106 1 3 5 6
107 0 1 3 5 6
108 2 3 5 6
109 0 2 3 5 6
110 1 2 3 5 6
111 0 1 2 3 5 6
112 4 5 6
113 0 4 5 6
114 1 4 5 6
115 0 1 4 5 6
116 2 4 5 6
117 0 2 4 5 6
118 1 2 4 5 6
119 0 1 2 4 5 6
120 3 4 5 6
121 0 3 4 5 6
122 1 3 4 5 6
123 0 1 3 4 5 6
124 2 3 4 5 6
125 0 2 3 4 5 6
126 1 2 3 4 5 6
127 0 1 2 3 4 5 6
128 7
129 0 7
130 1 7
131 0 1 7
132 2 7
133 0 2 7
134 1 2 7
135 0 1 2 7
136 3 7
137 0 3 7
138 1 3 7
139 0 1 3 7
140 2 3 7
141 0 2 3 7
142 1 2 3 7
143 0 1 2 3 7
144 4 7
145 0 4 7
146 1 4 7
147 0 1 4 7
148 2 4 7
149 0 2 4 7
150 1 2 4 7
151 0 1 2 4 7
152 3 4 7
153 0 3 4 7
154 1 3 4 7
155 0 1 3 4 7
156 2 3 4 7
157 0 2 3 4 7
158 1 2 3 4 7
159 0 1 2 3 4 7
160 5 7
161 0 5 7
162 1 5 7
163 0 1 5 7
164 2 5 7
165 0 2 5 7
166 1 2 5 7
167 0 1 2 5 7
168 3 5 7
169 0 3 5 7
170 1 3 5 7
171 0 1 3 5 7
172 2 3 5 7
173 0 2 3 5 7
174 1 2 3 5 7
175 0 1 2 3 5 7
176 4 5 7
177 0 4 5 7
178 1 4 5 7
179 0 1 4 5 7
180 2 4 5 7
181 0 2 4 5 7
182 1 2 4 5 7
183 0 1 2 4 5 7
184 3 4 5 7
185 0 3 4 5 7
186 1 3 4 5 7
187 0 1 3 4 5 7
188 2 3 4 5 7
189 0 2 3 4 5 7
190 1 2 3 4 5 7
191 0 1 2 3 4 5 7
192 6 7
193 0 6 7
194 1 6 7
195 0 1 6 7
196 2 6 7
197 0 2 6 7
198 1 2 6 7
199 0 1 2 6 7
200 3 6 7
201 0 3 6 7
202 1 3 6 7
203 0 1 3 6 7
204 2 3 6 7
205 0 2 3 6 7
206 1 2 3 6 7
207 0 1 2 3 6 7
208 4 6 7
209 0 4 6 7
210 1 4 6 7
211 0 1 4 6 7
212 2 4 6 7
213 0 2 4 6 7
214 1 2 4 6 7
215 0 1 2 4 6 7
216 3 4 6 7
217 0 3 4 6 7
218 1 3 4 6 7
219 0 1 3 4 6 7
220 2 3 4 6 7
221 0 2 3 4 6 7
222 1 2 3 4 6 7
223 0 1 2 3 4 6 7
224 5 6 7
225 0 5 6 7
226 1 5 6 7
227 0 1 5 6 7
228 2 5 6 7
229 0 2 5 6 7
230 1 2 5 6 7
231 0 1 2 5 6 7
232 3 5 6 7
233 0 3 5 6 7
234 1 3 5 6 7
235 0 1 3 5 6 7
236 2 3 5 6 7
237 0 2 3 5 6 7
238 1 2 3 5 6 7
239 0 1 2 3 5 6 7
240 4 5 6 7
241 0 4 5 6 7
242 1 4 5 6 7
243 0 1 4 5 6 7
244 2 4 5 6 7
245 0 2 4 5 6 7
246 1 2 4 5 6 7
247 0 1 2 4 5 6 7
248 3 4 5 6 7
249 0 3 4 5 6 7
250 1 3 4 5 6 7
251 0 1 3 4 5 6 7
252 2 3 4 5 6 7
253 0 2 3 4 5 6 7
254 1 2 3 4 5 6 7
255 0 1 2 3 4 5 6 7
256 8
257 0 8
258 1 8
259 0 1 8
260 2 8
261 0 2 8
262 1 2 8
263 0 1 2 8
264 3 8
265 0 3 8
266 1 3 8
267 0 1 3 8
268 2 3 8
269 0 2 3 8
270 1 2 3 8
271 0 1 2 3 8
272 4 8
273 0 4 8
274 1 4 8
275 0 1 4 8
276 2 4 8
277 0 2 4 8
278 1 2 4 8
279 0 1 2 4 8
280 3 4 8
281 0 3 4 8
282 1 3 4 8
283 0 1 3 4 8
284 2 3 4 8
285 0 2 3 4 8
286 1 2 3 4 8
287 0 1 2 3 4 8
288 5 8
289 0 5 8
290 1 5 8
291 0 1 5 8
292 2 5 8
293 0 2 5 8
294 1 2 5 8
295 0 1 2 5 8
296 3 5 8
297 0 3 5 8
298 1 3 5 8
299 0 1 3 5 8
300 2 3 5 8
301 0 2 3 5 8
302 1 2 3 5 8
303 0 1 2 3 5 8
304 4 5 8
305 0 4 5 8
306 1 4 5 8
307 0 1 4 5 8
308 2 4 5 8
309 0 2 4 5 8
310 1 2 4 5 8
311 0 1 2 4 5 8
312 3 4 5 8
313 0 3 4 5 8
314 1 3 4 5 8
315 0 1 3 4 5 8
316 2 3 4 5 8
317 0 2 3 4 5 8
318 1 2 3 4 5 8
319 0 1 2 3 4 5 8
320 6 8
321 0 6 8
322 1 6 8
323 0 1 6 8
324 2 6 8
325 0 2 6 8
326 1 2 6 8
327 0 1 2 6 8
328 3 6 8
329 0 3 6 8
330 1 3 6 8
331 0 1 3 6 8
332 2 3 6 8
333 0 2 3 6 8
334 1 2 3 6 8
335 0 1 2 3 6 8
336 4 6 8
337 0 4 6 8
338 1 4 6 8
339 0 1 4 6 8
340 2 4 6 8
341 0 2 4 6 8
342 1 2 4 6 8
343 0 1 2 4 6 8
344 3 4 6 8
345 0 3 4 6 8
346 1 3 4 6 8
347 0 1 3 4 6 8
348 2 3 4 6 8
349 0 2 3 4 6 8
350 1 2 3 4 6 8
351 0 1 2 3 4 6 8
352 5 6 8
353 0 5 6 8
354 1 5 6 8
355 0 1 5 6 8
356 2 5 6 8
357 0 2 5 6 8
358 1 2 5 6 8
359 0 1 2 5 6 8
360 3 5 6 8
361 0 3 5 6 8
362 1 3 5 6 8
363 0 1 3 5 6 8
364 2 3 5 6 8
365 0 2 3 5 6 8
366 1 2 3 5 6 8
367 0 1 2 3 5 6 8
368 4 5 6 8
369 0 4 5 6 8
370 1 4 5 6 8
371 0 1 4 5 6 8
372 2 4 5 6 8
373 0 2 4 5 6 8
374 1 2 4 5 6 8
375 0 1 2 4 5 6 8
376 3 4 5 6 8
377 0 3 4 5 6 8
378 1 3 4 5 6 8
379 0 1 3 4 5 6 8
380 2 3 4 5 6 8
381 0 2 3 4 5 6 8
382 1 2 3 4 5 6 8
383 0 1 2 3 4 5 6 8
384 7 8
385 0 7 8
386 1 7 8
387 0 1 7 8
388 2 7 8
389 0 2 7 8
390 1 2 7 8
391 0 1 2 7 8
392 3 7 8
393 0 3 7 8
394 1 3 7 8
395 0 1 3 7 8
396 2 3 7 8
397 0 2 3 7 8
398 1 2 3 7 8
399 0 1 2 3 7 8
400 4 7 8
401 0 4 7 8
402 1 4 7 8
403 0 1 4 7 8
404 2 4 7 8
405 0 2 4 7 8
406 1 2 4 7 8
407 0 1 2 4 7 8
408 3 4 7 8
409 0 3 4 7 8
410 1 3 4 7 8
411 0 1 3 4 7 8
412 2 3 4 7 8
413 0 2 3 4 7 8
414 1 2 3 4 7 8
415 0 1 2 3 4 7 8
416 5 7 8
417 0 5 7 8
418 1 5 7 8
419 0 1 5 7 8
420 2 5 7 8
421 0 2 5 7 8
422 1 2 5 7 8
423 0 1 2 5 7 8
424 3 5 7 8
425 0 3 5 7 8
426 1 3 5 7 8
427 0 1 3 5 7 8
428 2 3 5 7 8
429 0 2 3 5 7 8
430 1 2 3 5 7 8
431 0 1 2 3 5 7 8
432 4 5 7 8
433 0 4 5 7 8
434 1 4 5 7 8
435 0 1 4 5 7 8
436 2 4 5 7 8
437 0 2 4 5 7 8
438 1 2 4 5 7 8
439 0 1 2 4 5 7 8
440 3 4 5 7 8
441 0 3 4 5 7 8
442 1 3 4 5 7 8
443 0 1 3 4 5 7 8
444 2 3 4 5 7 8
445 0 2 3 4 5 7 8
446 1 2 3 4 5 7 8
447 0 1 2 3 4 5 7 8
448 6 7 8
449 0 6 7 8
450 1 6 7 8
451 0 1 6 7 8
452 2 6 7 8
453 0 2 6 7 8
454 1 2 6 7 8
455 0 1 2 6 7 8
456 3 6 7 8
457 0 3 6 7 8
458 1 3 6 7 8
459 0 1 3 6 7 8
460 2 3 6 7 8
461 0 2 3 6 7 8
462 1 2 3 6 7 8
463 0 1 2 3 6 7 8
464 4 6 7 8
465 0 4 6 7 8
466 1 4 6 7 8
467 0 1 4 6 7 8
468 2 4 6 7 8
469 0 2 4 6 7 8
470 1 2 4 6 7 8
471 0 1 2 4 6 7 8
472 3 4 6 7 8
473 0 3 4 6 7 8
474 1 3 4 6 7 8
475 0 1 3 4 6 7 8
476 2 3 4 6 7 8
477 0 2 3 4 6 7 8
478 1 2 3 4 6 7 8
479 0 1 2 3 4 6 7 8
480 5 6 7 8
481 0 5 6 7 8
482 1 5 6 7 8
483 0 1 5 6 7 8
484 2 5 6 7 8
485 0 2 5 6 7 8
486 1 2 5 6 7 8
487 0 1 2 5 6 7 8
488 3 5 6 7 8
489 0 3 5 6 7 8
490 1 3 5 6 7 8
491 0 1 3 5 6 7 8
492 2 3 5 6 7 8
493 0 2 3 5 6 7 8
494 1 2 3 5 6 7 8
495 0 1 2 3 5 6 7 8
496 4 5 6 7 8
497 0 4 5 6 7 8
498 1 4 5 6 7 8
499 0 1 4 5 6 7 8
500 2 4 5 6 7 8
501 0 2 4 5 6 7 8
502 1 2 4 5 6 7 8
503 0 1 2 4 5 6 7 8
504 3 4 5 6 7 8
505 0 3 4 5 6 7 8
506 1 3 4 5 6 7 8
507 0 1 3 4 5 6 7 8
508 2 3 4 5 6 7 8
509 0 2 3 4 5 6 7 8
510 1 2 3 4 5 6 7 8
511 0 1 2 3 4 5 6 7 8
512 9
513 0 9
514 1 9
515 0 1 9
516 2 9
517 0 2 9
518 1 2 9
519 0 1 2 9
520 3 9
521 0 3 9
522 1 3 9
523 0 1 3 9
524 2 3 9
525 0 2 3 9
526 1 2 3 9
527 0 1 2 3 9
528 4 9
529 0 4 9
530 1 4 9
531 0 1 4 9
532 2 4 9
533 0 2 4 9
534 1 2 4 9
535 0 1 2 4 9
536 3 4 9
537 0 3 4 9
538 1 3 4 9
539 0 1 3 4 9
540 2 3 4 9
541 0 2 3 4 9
542 1 2 3 4 9
543 0 1 2 3 4 9
544 5 9
545 0 5 9
546 1 5 9
547 0 1 5 9
548 2 5 9
549 0 2 5 9
550 1 2 5 9
551 0 1 2 5 9
552 3 5 9
553 0 3 5 9
554 1 3 5 9
555 0 1 3 5 9
556 2 3 5 9
557 0 2 3 5 9
558 1 2 3 5 9
559 0 1 2 3 5 9
560 4 5 9
561 0 4 5 9
562 1 4 5 9
563 0 1 4 5 9
564 2 4 5 9
565 0 2 4 5 9
566 1 2 4 5 9
567 0 1 2 4 5 9
568 3 4 5 9
569 0 3 4 5 9
570 1 3 4 5 9
571 0 1 3 4 5 9
572 2 3 4 5 9
573 0 2 3 4 5 9
574 1 2 3 4 5 9
575 0 1 2 3 4 5 9
576 6 9
577 0 6 9
578 1 6 9
579 0 1 6 9
580 2 6 9
581 0 2 6 9
582 1 2 6 9
583 0 1 2 6 9
584 3 6 9
585 0 3 6 9
586 1 3 6 9
587 0 1 3 6 9
588 2 3 6 9
589 0 2 3 6 9
590 1 2 3 6 9
591 0 1 2 3 6 9
592 4 6 9
593 0 4 6 9
594 1 4 6 9
595 0 1 4 6 9
596 2 4 6 9
597 0 2 4 6 9
598 1 2 4 6 9
599 0 1 2 4 6 9
600 3 4 6 9
601 0 3 4 6 9
602 1 3 4 6 9
603 0 1 3 4 6 9
604 2 3 4 6 9
605 0 2 3 4 6 9
606 1 2 3 4 6 9
607 0 1 2 3 4 6 9
608 5 6 9
609 0 5 6 9
610 1 5 6 9
611 0 1 5 6 9
612 2 5 6 9
613 0 2 5 6 9
614 1 2 5 6 9
615 0 1 2 5 6 9
616 3 5 6 9
617 0 3 5 6 9
618 1 3 5 6 9
619 0 1 3 5 6 9
620 2 3 5 6 9
621 0 2 3 5 6 9
622 1 2 3 5 6 9
623 0 1 2 3 5 6 9
624 4 5 6 9
625 0 4 5 6 9
626 1 4 5 6 9
627 0 1 4 5 6 9
628 2 4 5 6 9
629 0 2 4 5 6 9
630 1 2 4 5 6 9
631 0 1 2 4 5 6 9
632 3 4 5 6 9
633 0 3 4 5 6 9
634 1 3 4 5 6 9
635 0 1 3 4 5 6 9
636 2 3 4 5 6 9
637 0 2 3 4 5 6 9
638 1 2 3 4 5 6 9
639 0 1 2 3 4 5 6 9
640 7 9
641 0 7 9
642 1 7 9
643 0 1 7 9
644 2 7 9
645 0 2 7 9
646 1 2 7 9
647 0 1 2 7 9
648 3 7 9
649 0 3 7 9
650 1 3 7 9
651 0 1 3 7 9
652 2 3 7 9
653 0 2 3 7 9
654 1 2 3 7 9
655 0 1 2 3 7 9
656 4 7 9
657 0 4 7 9
658 1 4 7 9
659 0 1 4 7 9
660 2 4 7 9
661 0 2 4 7 9
662 1 2 4 7 9
663 0 1 2 4 7 9
664 3 4 7 9
665 0 3 4 7 9
666 1 3 4 7 9
667 0 1 3 4 7 9
668 2 3 4 7 9
669 0 2 3 4 7 9
670 1 2 3 4 7 9
671 0 1 2 3 4 7 9
672 5 7 9
673 0 5 7 9
674 1 5 7 9
675 0 1 5 7 9
676 2 5 7 9
677 0 2 5 7 9
678 1 2 5 7 9
679 0 1 2 5 7 9
680 3 5 7 9
681 0 3 5 7 9
682 1 3 5 7 9
683 0 1 3 5 7 9
684 2 3 5 7 9
685 0 2 3 5 7 9
686 1 2 3 5 7 9
687 0 1 2 3 5 7 9
688 4 5 7 9
689 0 4 5 7 9
690 1 4 5 7 9
691 0 1 4 5 7 9
692 2 4 5 7 9
693 0 2 4 5 7 9
694 1 2 4 5 7 9
695 0 1 2 4 5 7 9
696 3 4 5 7 9
697 0 3 4 5 7 9
698 1 3 4 5 7 9
699 0 1 3 4 5 7 9
700 2 3 4 5 7 9
701 0 2 3 4 5 7 9
702 1 2 3 4 5 7 9
703 0 1 2 3 4 5 7 9
704 6 7 9
705 0 6 7 9
706 1 6 7 9
707 0 1 6 7 9
708 2 6 7 9
709 0 2 6 7 9
710 1 2 6 7 9
711 0 1 2 6 7 9
712 3 6 7 9
713 0 3 6 7 9
714 1 3 6 7 9
715 0 1 3 6 7 9
716 2 3 6 7 9
717 0 2 3 6 7 9
718 1 2 3 6 7 9
719 0 1 2 3 6 7 9
720 4 6 7 9
721 0 4 6 7 9
722 1 4 6 7 9
723 0 1 4 6 7 9
724 2 4 6 7 9
725 0 2 4 6 7 9
726 1 2 4 6 7 9
727 0 1 2 4 6 7 9
728 3 4 6 7 9
729 0 3 4 6 7 9
730 1 3 4 6 7 9
731 0 1 3 4 6 7 9
732 2 3 4 6 7 9
733 0 2 3 4 6 7 9
734 1 2 3 4 6 7 9
735 0 1 2 3 4 6 7 9
736 5 6 7 9
737 0 5 6 7 9
738 1 5 6 7 9
739 0 1 5 6 7 9
740 2 5 6 7 9
741 0 2 5 6 7 9
742 1 2 5 6 7 9
743 0 1 2 5 6 7 9
744 3 5 6 7 9
745 0 3 5 6 7 9
746 1 3 5 6 7 9
747 0 1 3 5 6 7 9
748 2 3 5 6 7 9
749 0 2 3 5 6 7 9
750 1 2 3 5 6 7 9
751 0 1 2 3 5 6 7 9
752 4 5 6 7 9
753 0 4 5 6 7 9
754 1 4 5 6 7 9
755 0 1 4 5 6 7 9
756 2 4 5 6 7 9
757 0 2 4 5 6 7 9
758 1 2 4 5 6 7 9
759 0 1 2 4 5 6 7 9
760 3 4 5 6 7 9
761 0 3 4 5 6 7 9
762 1 3 4 5 6 7 9
763 0 1 3 4 5 6 7 9
764 2 3 4 5 6 7 9
765 0 2 3 4 5 6 7 9
766 1 2 3 4 5 6 7 9
767 0 1 2 3 4 5 6 7 9
768 8 9
769 0 8 9
770 1 8 9
771 0 1 8 9
772 2 8 9
773 0 2 8 9
774 1 2 8 9
775 0 1 2 8 9
776 3 8 9
777 0 3 8 9
778 1 3 8 9
779 0 1 3 8 9
780 2 3 8 9
781 0 2 3 8 9
782 1 2 3 8 9
783 0 1 2 3 8 9
784 4 8 9
785 0 4 8 9
786 1 4 8 9
787 0 1 4 8 9
788 2 4 8 9
789 0 2 4 8 9
790 1 2 4 8 9
791 0 1 2 4 8 9
792 3 4 8 9
793 0 3 4 8 9
794 1 3 4 8 9
795 0 1 3 4 8 9
796 2 3 4 8 9
797 0 2 3 4 8 9
798 1 2 3 4 8 9
799 0 1 2 3 4 8 9
800 5 8 9
801 0 5 8 9
802 1 5 8 9
803 0 1 5 8 9
804 2 5 8 9
805 0 2 5 8 9
806 1 2 5 8 9
807 0 1 2 5 8 9
808 3 5 8 9
809 0 3 5 8 9
810 1 3 5 8 9
811 0 1 3 5 8 9
812 2 3 5 8 9
813 0 2 3 5 8 9
814 1 2 3 5 8 9
815 0 1 2 3 5 8 9
816 4 5 8 9
817 0 4 5 8 9
818 1 4 5 8 9
819 0 1 4 5 8 9
820 2 4 5 8 9
821 0 2 4 5 8 9
822 1 2 4 5 8 9
823 0 1 2 4 5 8 9
824 3 4 5 8 9
825 0 3 4 5 8 9
826 1 3 4 5 8 9
827 0 1 3 4 5 8 9
828 2 3 4 5 8 9
829 0 2 3 4 5 8 9
830 1 2 3 4 5 8 9
831 0 1 2 3 4 5 8 9
832 6 8 9
833 0 6 8 9
834 1 6 8 9
835 0 1 6 8 9
836 2 6 8 9
837 0 2 6 8 9
838 1 2 6 8 9
839 0 1 2 6 8 9
840 3 6 8 9
841 0 3 6 8 9
842 1 3 6 8 9
843 0 1 3 6 8 9
844 2 3 6 8 9
845 0 2 3 6 8 9
846 1 2 3 6 8 9
847 0 1 2 3 6 8 9
848 4 6 8 9
849 0 4 6 8 9
850 1 4 6 8 9
851 0 1 4 6 8 9
852 2 4 6 8 9
853 0 2 4 6 8 9
854 1 2 4 6 8 9
855 0 1 2 4 6 8 9
856 3 4 6 8 9
857 0 3 4 6 8 9
858 1 3 4 6 8 9
859 0 1 3 4 6 8 9
860 2 3 4 6 8 9
861 0 2 3 4 6 8 9
862 1 2 3 4 6 8 9
863 0 1 2 3 4 6 8 9
864 5 6 8 9
865 0 5 6 8 9
866 1 5 6 8 9
867 0 1 5 6 8 9
868 2 5 6 8 9
869 0 2 5 6 8 9
870 1 2 5 6 8 9
871 0 1 2 5 6 8 9
872 3 5 6 8 9
873 0 3 5 6 8 9
874 1 3 5 6 8 9
875 0 1 3 5 6 8 9
876 2 3 5 6 8 9
877 0 2 3 5 6 8 9
878 1 2 3 5 6 8 9
879 0 1 2 3 5 6 8 9
880 4 5 6 8 9
881 0 4 5 6 8 9
882 1 4 5 6 8 9
883 0 1 4 5 6 8 9
884 2 4 5 6 8 9
885 0 2 4 5 6 8 9
886 1 2 4 5 6 8 9
887 0 1 2 4 5 6 8 9
888 3 4 5 6 8 9
889 0 3 4 5 6 8 9
890 1 3 4 5 6 8 9
891 0 1 3 4 5 6 8 9
892 2 3 4 5 6 8 9
893 0 2 3 4 5 6 8 9
894 1 2 3 4 5 6 8 9
895 0 1 2 3 4 5 6 8 9
896 7 8 9
897 0 7 8 9
898 1 7 8 9
899 0 1 7 8 9
900 2 7 8 9
901 0 2 7 8 9
902 1 2 7 8 9
903 0 1 2 7 8 9
904 3 7 8 9
905 0 3 7 8 9
906 1 3 7 8 9
907 0 1 3 7 8 9
908 2 3 7 8 9
909 0 2 3 7 8 9
910 1 2 3 7 8 9
911 0 1 2 3 7 8 9
912 4 7 8 9
913 0 4 7 8 9
914 1 4 7 8 9
915 0 1 4 7 8 9
916 2 4 7 8 9
917 0 2 4 7 8 9
918 1 2 4 7 8 9
919 0 1 2 4 7 8 9
920 3 4 7 8 9
921 0 3 4 7 8 9
922 1 3 4 7 8 9
923 0 1 3 4 7 8 9
924 2 3 4 7 8 9
925 0 2 3 4 7 8 9
926 1 2 3 4 7 8 9
927 0 1 2 3 4 7 8 9
928 5 7 8 9
929 0 5 7 8 9
930 1 5 7 8 9
931 0 1 5 7 8 9
932 2 5 7 8 9
933 0 2 5 7 8 9
934 1 2 5 7 8 9
935 0 1 2 5 7 8 9
936 3 5 7 8 9
937 0 3 5 7 8 9
938 1 3 5 7 8 9
939 0 1 3 5 7 8 9
940 2 3 5 7 8 9
941 0 2 3 5 7 8 9
942 1 2 3 5 7 8 9
943 0 1 2 3 5 7 8 9
944 4 5 7 8 9
945 0 4 5 7 8 9
946 1 4 5 7 8 9
947 0 1 4 5 7 8 9
948 2 4 5 7 8 9
949 0 2 4 5 7 8 9
950 1 2 4 5 7 8 9
951 0 1 2 4 5 7 8 9
952 3 4 5 7 8 9
953 0 3 4 5 7 8 9
954 1 3 4 5 7 8 9
955 0 1 3 4 5 7 8 9
956 2 3 4 5 7 8 9
957 0 2 3 4 5 7 8 9
958 1 2 3 4 5 7 8 9
959 0 1 2 3 4 5 7 8 9
960 6 7 8 9
961 0 6 7 8 9
962 1 6 7 8 9
963 0 1 6 7 8 9
964 2 6 7 8 9
965 0 2 6 7 8 9
966 1 2 6 7 8 9
967 0 1 2 6 7 8 9
968 3 6 7 8 9
969 0 3 6 7 8 9
970 1 3 6 7 8 9
971 0 1 3 6 7 8 9
972 2 3 6 7 8 9
973 0 2 3 6 7 8 9
974 1 2 3 6 7 8 9
975 0 1 2 3 6 7 8 9
976 4 6 7 8 9
977 0 4 6 7 8 9
978 1 4 6 7 8 9
979 0 1 4 6 7 8 9
980 2 4 6 7 8 9
981 0 2 4 6 7 8 9
982 1 2 4 6 7 8 9
983 0 1 2 4 6 7 8 9
984 3 4 6 7 8 9
985 0 3 4 6 7 8 9
986 1 3 4 6 7 8 9
987 0 1 3 4 6 7 8 9
988 2 3 4 6 7 8 9
989 0 2 3 4 6 7 8 9
990 1 2 3 4 6 7 8 9
991 0 1 2 3 4 6 7 8 9
992 5 6 7 8 9
993 0 5 6 7 8 9
994 1 5 6 7 8 9
995 0 1 5 6 7 8 9
996 2 5 6 7 8 9
997 0 2 5 6 7 8 9
998 1 2 5 6 7 8 9
999 0 1 2 5 6 7 8 9
1000 3 5 6 7 8 9
1001 0 3 5 6 7 8 9
1002 1 3 5 6 7 8 9
1003 0 1 3 5 6 7 8 9
1004 2 3 5 6 7 8 9
1005 0 2 3 5 6 7 8 9
1006 1 2 3 5 6 7 8 9
1007 0 1 2 3 5 6 7 8 9
1008 4 5 6 7 8 9
1009 0 4 5 6 7 8 9
1010 1 4 5 6 7 8 9
1011 0 1 4 5 6 7 8 9
1012 2 4 5 6 7 8 9
1013 0 2 4 5 6 7 8 9
1014 1 2 4 5 6 7 8 9
1015 0 1 2 4 5 6 7 8 9
1016 3 4 5 6 7 8 9
1017 0 3 4 5 6 7 8 9
1018 1 3 4 5 6 7 8 9
1019 0 1 3 4 5 6 7 8 9
1020 2 3 4 5 6 7 8 9
1021 0 2 3 4 5 6 7 8 9
1022 1 2 3 4 5 6 7 8 9
1023 0 1 2 3 4 5 6 7 8 9
